500
540
0 48.667421 9.244557
1 48.667273 9.244867
2 48.667598 9.244326
3 48.667019 9.245514
4 48.667887 9.244100
5 48.666553 9.246506
6 48.667910 9.243956
7 48.668224 9.243993
8 48.666470 9.246840
9 48.668005 9.243360
10 48.668449 9.243920
11 48.666432 9.247853
12 48.668039 9.243131
13 48.668761 9.243803
14 48.666335 9.248299
15 48.669016 9.243651
16 48.666165 9.248797
17 48.669226 9.243498
18 48.666097 9.249283
19 48.669474 9.243271
20 48.669136 9.243064
21 48.666080 9.249398
22 48.669846 9.242894
23 48.669072 9.242749
24 48.668852 9.243310
25 48.666052 9.249999
26 48.670361 9.244316
27 48.670290 9.242470
28 48.669024 9.242452
29 48.668553 9.242861
30 48.666148 9.251029
31 48.670704 9.245315
32 48.670957 9.244197
33 48.670501 9.242282
34 48.668847 9.241588
35 48.669436 9.242260
36 48.668509 9.242871
37 48.668563 9.242978
38 48.666192 9.251536
39 48.671485 9.244090
40 48.671023 9.244831
41 48.670637 9.242141
42 48.669137 9.241439
43 48.668737 9.240926
44 48.668592 9.241723
45 48.668450 9.242883
46 48.668462 9.242335
47 48.668549 9.243041
48 48.666218 9.252156
49 48.672207 9.243896
50 48.671666 9.245068
51 48.671390 9.243578
52 48.670748 9.242007
53 48.669315 9.241311
54 48.668117 9.241042
55 48.668648 9.240422
56 48.668222 9.241905
57 48.668399 9.242894
58 48.668463 9.243011
59 48.668497 9.243054
60 48.666174 9.252465
61 48.673377 9.243589
62 48.672092 9.243387
63 48.671256 9.243127
64 48.670854 9.241800
65 48.669513 9.241136
66 48.668616 9.240099
67 48.669430 9.240267
68 48.668143 9.241943
69 48.665910 9.253716
70 48.674576 9.243297
71 48.673018 9.242207
72 48.673533 9.244751
73 48.671957 9.242885
74 48.671005 9.242245
75 48.670966 9.243305
76 48.670942 9.241567
77 48.669711 9.240858
78 48.668167 9.240180
79 48.668573 9.239570
80 48.667837 9.242174
81 48.665842 9.254187
82 48.675475 9.242791
83 48.674821 9.244443
84 48.674249 9.241676
85 48.673414 9.241958
86 48.672825 9.242339
87 48.672682 9.241122
88 48.673570 9.245154
89 48.673969 9.244560
90 48.671869 9.242581
91 48.670884 9.243320
92 48.671034 9.241247
93 48.669836 9.240679
94 48.669840 9.241429
95 48.668568 9.239461
96 48.669293 9.239434
97 48.667210 9.242593
98 48.665757 9.254754
99 48.676084 9.242521
100 48.675851 9.244305
101 48.675266 9.241727
102 48.674885 9.244829
103 48.674455 9.244572
104 48.674243 9.241459
105 48.673321 9.241649
106 48.672369 9.242734
107 48.672525 9.240619
108 48.673149 9.240752
109 48.671877 9.242403
110 48.670759 9.243343
111 48.670768 9.242900
112 48.671071 9.241144
113 48.669930 9.240591
114 48.668557 9.239297
115 48.668217 9.239528
116 48.666906 9.242732
117 48.665627 9.255269
118 48.676606 9.242282
119 48.675819 9.241443
120 48.675808 9.244361
121 48.675931 9.244207
122 48.675177 9.241275
123 48.674910 9.241897
124 48.674893 9.245090
125 48.674514 9.241281
126 48.674246 9.241260
127 48.673234 9.241588
128 48.672372 9.240171
129 48.671941 9.242209
130 48.670596 9.243379
131 48.670744 9.242870
132 48.671148 9.240934
133 48.671185 9.241320
134 48.670125 9.240456
135 48.669867 9.240039
136 48.668574 9.239117
137 48.665485 9.255690
138 48.677019 9.242141
139 48.676761 9.243224
140 48.675806 9.241388
141 48.676029 9.241438
142 48.675370 9.244778
143 48.676250 9.244096
144 48.674673 9.241241
145 48.675018 9.240626
146 48.675067 9.242470
147 48.673948 9.239359
148 48.673176 9.241609
149 48.672328 9.240051
150 48.672528 9.239965
151 48.672290 9.240255
152 48.671548 9.242276
153 48.670709 9.242885
154 48.671063 9.240895
155 48.671268 9.240780
156 48.671318 9.241696
157 48.670239 9.240428
158 48.670349 9.240983
159 48.669889 9.239931
160 48.668619 9.238904
161 48.665277 9.256302
162 48.677110 9.242112
163 48.676997 9.241593
164 48.676864 9.243478
165 48.675761 9.241119
166 48.675239 9.243880
167 48.676282 9.244215
168 48.674867 9.240009
169 48.675365 9.240603
170 48.673938 9.239288
171 48.674093 9.239296
172 48.671886 9.239240
173 48.673004 9.239250
174 48.672066 9.240401
175 48.671510 9.242370
176 48.670937 9.240907
177 48.671373 9.240713
178 48.670347 9.240454
179 48.670213 9.239264
180 48.668698 9.238599
181 48.665139 9.256938
182 48.677169 9.242961
183 48.677446 9.242059
184 48.676984 9.241391
185 48.677336 9.241503
186 48.676960 9.244087
187 48.675759 9.240733
188 48.676342 9.244308
189 48.675022 9.239943
190 48.674793 9.239700
191 48.673853 9.239307
192 48.673870 9.239071
193 48.674330 9.239120
194 48.671937 9.239223
195 48.671869 9.239209
196 48.671478 9.239859
197 48.673281 9.238890
198 48.671643 9.240609
199 48.671537 9.242579
200 48.670798 9.240880
201 48.671489 9.240668
202 48.670449 9.240522
203 48.670276 9.239466
204 48.669689 9.238312
205 48.670801 9.237983
206 48.669000 9.237416
207 48.665118 9.257738
208 48.677642 9.242050
209 48.676403 9.241482
210 48.676977 9.241213
211 48.677468 9.243998
212 48.675770 9.239873
213 48.676195 9.240659
214 48.675420 9.239882
215 48.674754 9.239585
216 48.673637 9.239345
217 48.673782 9.239617
218 48.673762 9.238724
219 48.674410 9.238973
220 48.672114 9.238949
221 48.671674 9.238865
222 48.671338 9.239994
223 48.673361 9.239074
224 48.673495 9.238725
225 48.671465 9.242633
226 48.670661 9.240782
227 48.670430 9.240377
228 48.670554 9.240663
229 48.670341 9.239713
230 48.669498 9.238737
231 48.669558 9.238083
232 48.671384 9.238479
233 48.670222 9.237506
234 48.669350 9.237816
235 48.669104 9.237074
236 48.668666 9.237276
237 48.665123 9.257907
238 48.677800 9.242047
239 48.677726 9.243027
240 48.677286 9.241128
241 48.676946 9.240806
242 48.677450 9.243696
243 48.677477 9.244118
244 48.675718 9.238838
245 48.676287 9.239872
246 48.676941 9.240673
247 48.674644 9.239315
248 48.674927 9.239483
249 48.673711 9.239660
250 48.673553 9.239202
251 48.673697 9.238569
252 48.674357 9.238707
253 48.672194 9.238736
254 48.671509 9.238624
255 48.671019 9.240163
256 48.670390 9.240009
257 48.671790 9.237531
258 48.669540 9.236942
259 48.670727 9.236424
260 48.669250 9.236674
261 48.668316 9.237171
262 48.665148 9.258636
263 48.665344 9.257837
264 48.677781 9.241216
265 48.678172 9.242044
266 48.677739 9.243117
267 48.677328 9.240708
268 48.675606 9.237757
269 48.676919 9.239907
270 48.676932 9.240409
271 48.675003 9.239379
272 48.673270 9.237571
273 48.674008 9.238328
274 48.674205 9.238166
275 48.674555 9.238700
276 48.672289 9.238598
277 48.671801 9.237510
278 48.669388 9.236802
279 48.670847 9.236559
280 48.670683 9.236371
281 48.669204 9.236621
282 48.665196 9.259736
283 48.666527 9.257402
284 48.665372 9.257964
285 48.677671 9.239936
286 48.678111 9.242615
287 48.678368 9.242046
288 48.675271 9.237782
289 48.676125 9.237734
290 48.676779 9.237952
291 48.677325 9.239916
292 48.677238 9.240337
293 48.673108 9.237204
294 48.673863 9.237088
295 48.674380 9.238038
296 48.674683 9.238623
297 48.672431 9.238411
298 48.671550 9.237299
299 48.671858 9.237374
300 48.671043 9.236794
301 48.670394 9.236024
302 48.670842 9.236036
303 48.669283 9.236337
304 48.669014 9.236425
305 48.665177 9.260175
306 48.665411 9.258086
307 48.677873 9.239899
308 48.678239 9.242937
309 48.678623 9.242050
310 48.678363 9.242327
311 48.675187 9.237730
312 48.676361 9.237776
313 48.677117 9.238115
314 48.676738 9.237721
315 48.676492 9.237820
316 48.672779 9.236403
317 48.673329 9.236989
318 48.674532 9.237948
319 48.674750 9.238479
320 48.672494 9.238307
321 48.671393 9.237162
322 48.671992 9.237050
323 48.671266 9.237026
324 48.670071 9.235626
325 48.670684 9.235883
326 48.669397 9.235978
327 48.668877 9.236306
328 48.665100 9.260514
329 48.665380 9.258172
330 48.665568 9.258084
331 48.677934 9.239850
332 48.678306 9.243252
333 48.678773 9.241887
334 48.678629 9.242303
335 48.678420 9.242928
336 48.675133 9.237648
337 48.677351 9.238295
338 48.676685 9.237432
339 48.672670 9.236313
340 48.673320 9.236942
341 48.674696 9.237909
342 48.674823 9.238595
343 48.672578 9.238171
344 48.672032 9.236957
345 48.669752 9.235280
346 48.669533 9.235689
347 48.668435 9.235981
348 48.665052 9.260685
349 48.665346 9.258344
350 48.665731 9.258231
351 48.677815 9.239545
352 48.678662 9.241580
353 48.678896 9.242028
354 48.678745 9.244110
355 48.678455 9.243382
356 48.675068 9.237542
357 48.677597 9.238556
358 48.677333 9.239118
359 48.676526 9.236912
360 48.672403 9.236091
361 48.672868 9.236011
362 48.673366 9.236862
363 48.674873 9.237865
364 48.674866 9.238659
365 48.672620 9.238041
366 48.672065 9.236877
367 48.670246 9.234382
368 48.669395 9.234824
369 48.669783 9.235994
370 48.668359 9.235895
371 48.664805 9.261526
372 48.665344 9.258791
373 48.665837 9.258339
374 48.677514 9.238810
375 48.678360 9.240123
376 48.679005 9.242114
377 48.678809 9.243979
378 48.678741 9.244143
379 48.678456 9.243970
380 48.674998 9.237667
381 48.675012 9.237349
382 48.675164 9.237405
383 48.677741 9.238736
384 48.677513 9.238675
385 48.676340 9.236474
386 48.672296 9.236023
387 48.672664 9.235713
388 48.672954 9.236038
389 48.673327 9.236772
390 48.674935 9.237793
391 48.674901 9.238711
392 48.672725 9.237768
393 48.671107 9.236011
394 48.669253 9.233538
395 48.671521 9.235420
396 48.670552 9.233660
397 48.669056 9.234443
398 48.669281 9.235088
399 48.668251 9.235754
400 48.668184 9.236092
401 48.664663 9.262187
402 48.665314 9.259304
403 48.665668 9.259658
404 48.665972 9.258446
405 48.678226 9.239667
406 48.679086 9.242167
407 48.678911 9.243809
408 48.678717 9.244331
409 48.674982 9.237240
410 48.675304 9.237217
411 48.677847 9.238594
412 48.677911 9.239005
413 48.676073 9.235888
414 48.672279 9.236065
415 48.673191 9.234943
416 48.672989 9.236099
417 48.673464 9.236636
418 48.675012 9.238916
419 48.675200 9.238672
420 48.672801 9.237759
421 48.669085 9.233414
422 48.671943 9.234546
423 48.670685 9.233339
424 48.669352 9.232658
425 48.668831 9.234246
426 48.669071 9.235359
427 48.668217 9.235709
428 48.668212 9.235903
429 48.668064 9.236590
430 48.664606 9.262667
431 48.665367 9.259539
432 48.665489 9.259674
433 48.665908 9.259583
434 48.666073 9.258489
435 48.678061 9.239288
436 48.679245 9.242188
437 48.679041 9.243708
438 48.678724 9.244534
439 48.674881 9.236959
440 48.675538 9.236978
441 48.677854 9.238472
442 48.675996 9.235879
443 48.672140 9.236431
444 48.673330 9.234645
445 48.673087 9.234858
446 48.673275 9.235100
447 48.673196 9.235815
448 48.668723 9.232987
449 48.672069 9.234286
450 48.671719 9.234331
451 48.670872 9.232885
452 48.671305 9.233934
453 48.668919 9.232517
454 48.668661 9.234734
455 48.668996 9.235426
456 48.669260 9.235676
457 48.667867 9.235449
458 48.668542 9.235052
459 48.667935 9.236976
460 48.664652 9.263131
461 48.666057 9.259530
462 48.666030 9.258797
463 48.666205 9.258457
464 48.678827 9.239010
465 48.679455 9.242191
466 48.679219 9.241666
467 48.679385 9.243664
468 48.678760 9.245025
469 48.674538 9.236558
470 48.675351 9.236501
471 48.675641 9.236844
472 48.677453 9.237353
473 48.676013 9.235665
474 48.675960 9.236088
475 48.673251 9.234500
476 48.672734 9.234465
477 48.673815 9.235761
478 48.668790 9.232869
479 48.668280 9.233354
480 48.671058 9.232464
481 48.670354 9.232427
482 48.671556 9.233371
483 48.669051 9.232042
484 48.668419 9.234557
485 48.668897 9.235557
486 48.667092 9.235586
487 48.667814 9.235355
488 48.667786 9.237228
489 48.664731 9.264070
490 48.666003 9.259098
491 48.666263 9.259501
492 48.665995 9.258787
493 48.666060 9.258825
494 48.666301 9.258444
495 48.679527 9.238748
496 48.678695 9.238482
497 48.678973 9.239885
498 48.679845 9.242158
499 48.679109 9.240865
0 1
0 2
1 3
2 4
3 5
4 6
4 7
5 8
6 9
7 10
8 11
9 12
10 13
11 14
13 15
14 16
15 17
16 18
17 19
17 20
18 21
19 22
20 23
20 24
21 25
22 26
22 27
23 28
23 29
25 30
26 31
26 32
27 33
28 34
28 35
29 36
29 37
30 38
32 39
32 40
33 41
34 42
34 43
34 44
36 45
36 46
37 47
38 48
39 49
39 50
39 51
41 52
42 53
43 54
43 55
44 56
45 57
45 58
47 59
48 60
49 61
49 62
51 63
52 64
53 65
55 66
55 67
56 68
58 59
60 69
61 70
61 71
61 72
62 73
63 74
63 75
64 74
64 76
65 77
66 78
66 79
68 80
69 81
70 82
70 83
70 84
71 85
71 86
71 87
72 88
72 89
73 90
75 91
76 92
77 93
77 94
79 95
79 96
80 97
81 98
82 99
82 100
82 101
83 102
83 103
84 104
85 104
85 105
86 106
87 107
87 108
90 109
91 110
91 111
92 112
93 113
95 114
95 115
97 116
98 117
99 118
99 119
100 120
100 121
101 122
101 123
102 124
104 125
104 126
105 127
107 128
107 129
109 129
110 130
111 131
112 132
112 133
113 134
113 135
114 136
117 137
118 138
118 139
119 140
119 141
120 142
121 143
122 140
122 144
122 145
123 146
124 142
125 144
126 147
127 148
128 149
128 150
128 151
129 152
131 153
132 154
132 155
133 156
134 157
134 158
135 159
136 160
137 161
138 162
138 163
139 164
140 165
142 166
143 167
145 168
145 169
147 170
147 171
149 172
150 173
151 174
152 175
154 176
155 177
157 178
159 179
160 180
161 181
162 182
162 183
163 184
163 185
164 186
165 187
167 188
168 189
168 190
170 191
170 192
171 193
172 194
172 195
172 196
173 197
174 198
175 199
176 200
177 201
178 202
179 196
179 203
179 204
179 205
180 206
181 207
183 208
184 209
184 210
186 211
186 188
187 212
187 213
189 214
190 215
191 216
191 217
192 218
193 219
194 220
195 221
196 222
197 223
197 224
198 201
199 225
200 226
202 227
202 228
203 229
204 230
204 231
205 232
205 233
206 234
206 235
206 236
207 237
208 238
208 239
210 240
210 241
211 242
211 243
212 244
212 245
212 214
213 246
215 247
215 248
216 249
216 250
217 249
218 251
219 252
219 247
220 253
221 254
222 255
223 250
224 251
226 228
227 256
229 256
231 234
232 254
232 257
233 258
233 259
235 260
236 261
237 262
237 263
238 264
238 265
239 266
241 246
241 267
244 268
245 269
246 270
248 271
251 272
251 273
252 274
252 275
253 276
257 277
258 278
259 279
259 280
260 281
260 278
262 282
263 283
263 284
264 285
265 286
265 287
268 288
268 289
269 290
269 270
269 291
270 292
272 293
272 294
273 274
274 295
275 296
276 297
277 298
277 299
279 300
280 301
280 302
281 303
281 304
282 305
284 306
285 291
285 307
286 308
287 309
287 310
288 311
289 312
290 313
290 314
290 315
293 316
293 317
295 318
296 319
297 320
298 321
299 322
300 323
301 324
302 325
303 326
304 327
305 328
306 329
306 330
307 331
308 332
309 333
309 334
310 335
311 336
312 315
313 337
314 338
316 339
317 340
318 341
319 341
319 342
320 343
321 323
322 344
324 345
326 346
327 347
328 348
329 349
330 350
331 351
333 352
333 353
334 354
335 355
336 356
337 357
337 358
338 359
339 360
339 361
340 362
341 363
342 364
343 365
344 366
345 346
345 367
345 368
346 369
347 370
348 371
349 372
350 373
351 374
352 375
353 376
354 377
354 378
355 379
356 380
356 381
356 382
357 383
357 384
359 385
360 366
360 386
360 387
361 387
361 388
362 389
363 390
364 391
365 392
366 393
367 394
367 395
367 396
368 397
368 398
370 399
370 400
371 401
372 402
372 403
373 404
374 384
375 405
376 406
377 407
378 408
380 390
381 409
382 410
383 411
383 412
385 413
386 395
386 414
387 415
388 416
389 417
391 418
391 419
392 420
394 421
395 422
396 423
396 424
397 425
398 426
399 427
399 428
400 429
400 428
401 430
402 431
403 432
403 433
404 434
405 435
406 436
407 437
408 438
409 439
410 440
411 441
412 435
413 442
414 443
415 444
415 445
415 446
416 447
421 448
421 425
422 449
422 450
423 451
423 452
424 453
425 454
426 455
426 456
427 457
427 458
429 459
430 460
431 432
433 461
434 462
434 463
435 464
436 465
436 466
437 467
438 468
439 469
440 470
440 471
441 472
442 473
442 474
444 475
445 476
446 477
448 478
448 479
450 452
451 480
451 481
452 482
453 478
453 483
454 458
454 484
455 485
457 486
457 487
459 488
460 489
461 490
461 491
462 492
462 493
463 494
464 495
464 496
464 497
465 498
466 499
497 499
