1000
1084
0 48.667421 9.244557
1 48.667273 9.244867
2 48.667598 9.244326
3 48.667019 9.245514
4 48.667887 9.244100
5 48.666553 9.246506
6 48.667910 9.243956
7 48.668224 9.243993
8 48.666470 9.246840
9 48.668005 9.243360
10 48.668449 9.243920
11 48.666432 9.247853
12 48.668039 9.243131
13 48.668761 9.243803
14 48.666335 9.248299
15 48.669016 9.243651
16 48.666165 9.248797
17 48.669226 9.243498
18 48.666097 9.249283
19 48.669474 9.243271
20 48.669136 9.243064
21 48.666080 9.249398
22 48.669846 9.242894
23 48.669072 9.242749
24 48.668852 9.243310
25 48.666052 9.249999
26 48.670361 9.244316
27 48.670290 9.242470
28 48.669024 9.242452
29 48.668553 9.242861
30 48.666148 9.251029
31 48.670704 9.245315
32 48.670957 9.244197
33 48.670501 9.242282
34 48.668847 9.241588
35 48.669436 9.242260
36 48.668509 9.242871
37 48.668563 9.242978
38 48.666192 9.251536
39 48.671485 9.244090
40 48.671023 9.244831
41 48.670637 9.242141
42 48.669137 9.241439
43 48.668737 9.240926
44 48.668592 9.241723
45 48.668450 9.242883
46 48.668462 9.242335
47 48.668549 9.243041
48 48.666218 9.252156
49 48.672207 9.243896
50 48.671666 9.245068
51 48.671390 9.243578
52 48.670748 9.242007
53 48.669315 9.241311
54 48.668117 9.241042
55 48.668648 9.240422
56 48.668222 9.241905
57 48.668399 9.242894
58 48.668463 9.243011
59 48.668497 9.243054
60 48.666174 9.252465
61 48.673377 9.243589
62 48.672092 9.243387
63 48.671256 9.243127
64 48.670854 9.241800
65 48.669513 9.241136
66 48.668616 9.240099
67 48.669430 9.240267
68 48.668143 9.241943
69 48.665910 9.253716
70 48.674576 9.243297
71 48.673018 9.242207
72 48.673533 9.244751
73 48.671957 9.242885
74 48.671005 9.242245
75 48.670966 9.243305
76 48.670942 9.241567
77 48.669711 9.240858
78 48.668167 9.240180
79 48.668573 9.239570
80 48.667837 9.242174
81 48.665842 9.254187
82 48.675475 9.242791
83 48.674821 9.244443
84 48.674249 9.241676
85 48.673414 9.241958
86 48.672825 9.242339
87 48.672682 9.241122
88 48.673570 9.245154
89 48.673969 9.244560
90 48.671869 9.242581
91 48.670884 9.243320
92 48.671034 9.241247
93 48.669836 9.240679
94 48.669840 9.241429
95 48.668568 9.239461
96 48.669293 9.239434
97 48.667210 9.242593
98 48.665757 9.254754
99 48.676084 9.242521
100 48.675851 9.244305
101 48.675266 9.241727
102 48.674885 9.244829
103 48.674455 9.244572
104 48.674243 9.241459
105 48.673321 9.241649
106 48.672369 9.242734
107 48.672525 9.240619
108 48.673149 9.240752
109 48.671877 9.242403
110 48.670759 9.243343
111 48.670768 9.242900
112 48.671071 9.241144
113 48.669930 9.240591
114 48.668557 9.239297
115 48.668217 9.239528
116 48.666906 9.242732
117 48.665627 9.255269
118 48.676606 9.242282
119 48.675819 9.241443
120 48.675808 9.244361
121 48.675931 9.244207
122 48.675177 9.241275
123 48.674910 9.241897
124 48.674893 9.245090
125 48.674514 9.241281
126 48.674246 9.241260
127 48.673234 9.241588
128 48.672372 9.240171
129 48.671941 9.242209
130 48.670596 9.243379
131 48.670744 9.242870
132 48.671148 9.240934
133 48.671185 9.241320
134 48.670125 9.240456
135 48.669867 9.240039
136 48.668574 9.239117
137 48.665485 9.255690
138 48.677019 9.242141
139 48.676761 9.243224
140 48.675806 9.241388
141 48.676029 9.241438
142 48.675370 9.244778
143 48.676250 9.244096
144 48.674673 9.241241
145 48.675018 9.240626
146 48.675067 9.242470
147 48.673948 9.239359
148 48.673176 9.241609
149 48.672328 9.240051
150 48.672528 9.239965
151 48.672290 9.240255
152 48.671548 9.242276
153 48.670709 9.242885
154 48.671063 9.240895
155 48.671268 9.240780
156 48.671318 9.241696
157 48.670239 9.240428
158 48.670349 9.240983
159 48.669889 9.239931
160 48.668619 9.238904
161 48.665277 9.256302
162 48.677110 9.242112
163 48.676997 9.241593
164 48.676864 9.243478
165 48.675761 9.241119
166 48.675239 9.243880
167 48.676282 9.244215
168 48.674867 9.240009
169 48.675365 9.240603
170 48.673938 9.239288
171 48.674093 9.239296
172 48.671886 9.239240
173 48.673004 9.239250
174 48.672066 9.240401
175 48.671510 9.242370
176 48.670937 9.240907
177 48.671373 9.240713
178 48.670347 9.240454
179 48.670213 9.239264
180 48.668698 9.238599
181 48.665139 9.256938
182 48.677169 9.242961
183 48.677446 9.242059
184 48.676984 9.241391
185 48.677336 9.241503
186 48.676960 9.244087
187 48.675759 9.240733
188 48.676342 9.244308
189 48.675022 9.239943
190 48.674793 9.239700
191 48.673853 9.239307
192 48.673870 9.239071
193 48.674330 9.239120
194 48.671937 9.239223
195 48.671869 9.239209
196 48.671478 9.239859
197 48.673281 9.238890
198 48.671643 9.240609
199 48.671537 9.242579
200 48.670798 9.240880
201 48.671489 9.240668
202 48.670449 9.240522
203 48.670276 9.239466
204 48.669689 9.238312
205 48.670801 9.237983
206 48.669000 9.237416
207 48.665118 9.257738
208 48.677642 9.242050
209 48.676403 9.241482
210 48.676977 9.241213
211 48.677468 9.243998
212 48.675770 9.239873
213 48.676195 9.240659
214 48.675420 9.239882
215 48.674754 9.239585
216 48.673637 9.239345
217 48.673782 9.239617
218 48.673762 9.238724
219 48.674410 9.238973
220 48.672114 9.238949
221 48.671674 9.238865
222 48.671338 9.239994
223 48.673361 9.239074
224 48.673495 9.238725
225 48.671465 9.242633
226 48.670661 9.240782
227 48.670430 9.240377
228 48.670554 9.240663
229 48.670341 9.239713
230 48.669498 9.238737
231 48.669558 9.238083
232 48.671384 9.238479
233 48.670222 9.237506
234 48.669350 9.237816
235 48.669104 9.237074
236 48.668666 9.237276
237 48.665123 9.257907
238 48.677800 9.242047
239 48.677726 9.243027
240 48.677286 9.241128
241 48.676946 9.240806
242 48.677450 9.243696
243 48.677477 9.244118
244 48.675718 9.238838
245 48.676287 9.239872
246 48.676941 9.240673
247 48.674644 9.239315
248 48.674927 9.239483
249 48.673711 9.239660
250 48.673553 9.239202
251 48.673697 9.238569
252 48.674357 9.238707
253 48.672194 9.238736
254 48.671509 9.238624
255 48.671019 9.240163
256 48.670390 9.240009
257 48.671790 9.237531
258 48.669540 9.236942
259 48.670727 9.236424
260 48.669250 9.236674
261 48.668316 9.237171
262 48.665148 9.258636
263 48.665344 9.257837
264 48.677781 9.241216
265 48.678172 9.242044
266 48.677739 9.243117
267 48.677328 9.240708
268 48.675606 9.237757
269 48.676919 9.239907
270 48.676932 9.240409
271 48.675003 9.239379
272 48.673270 9.237571
273 48.674008 9.238328
274 48.674205 9.238166
275 48.674555 9.238700
276 48.672289 9.238598
277 48.671801 9.237510
278 48.669388 9.236802
279 48.670847 9.236559
280 48.670683 9.236371
281 48.669204 9.236621
282 48.665196 9.259736
283 48.666527 9.257402
284 48.665372 9.257964
285 48.677671 9.239936
286 48.678111 9.242615
287 48.678368 9.242046
288 48.675271 9.237782
289 48.676125 9.237734
290 48.676779 9.237952
291 48.677325 9.239916
292 48.677238 9.240337
293 48.673108 9.237204
294 48.673863 9.237088
295 48.674380 9.238038
296 48.674683 9.238623
297 48.672431 9.238411
298 48.671550 9.237299
299 48.671858 9.237374
300 48.671043 9.236794
301 48.670394 9.236024
302 48.670842 9.236036
303 48.669283 9.236337
304 48.669014 9.236425
305 48.665177 9.260175
306 48.665411 9.258086
307 48.677873 9.239899
308 48.678239 9.242937
309 48.678623 9.242050
310 48.678363 9.242327
311 48.675187 9.237730
312 48.676361 9.237776
313 48.677117 9.238115
314 48.676738 9.237721
315 48.676492 9.237820
316 48.672779 9.236403
317 48.673329 9.236989
318 48.674532 9.237948
319 48.674750 9.238479
320 48.672494 9.238307
321 48.671393 9.237162
322 48.671992 9.237050
323 48.671266 9.237026
324 48.670071 9.235626
325 48.670684 9.235883
326 48.669397 9.235978
327 48.668877 9.236306
328 48.665100 9.260514
329 48.665380 9.258172
330 48.665568 9.258084
331 48.677934 9.239850
332 48.678306 9.243252
333 48.678773 9.241887
334 48.678629 9.242303
335 48.678420 9.242928
336 48.675133 9.237648
337 48.677351 9.238295
338 48.676685 9.237432
339 48.672670 9.236313
340 48.673320 9.236942
341 48.674696 9.237909
342 48.674823 9.238595
343 48.672578 9.238171
344 48.672032 9.236957
345 48.669752 9.235280
346 48.669533 9.235689
347 48.668435 9.235981
348 48.665052 9.260685
349 48.665346 9.258344
350 48.665731 9.258231
351 48.677815 9.239545
352 48.678662 9.241580
353 48.678896 9.242028
354 48.678745 9.244110
355 48.678455 9.243382
356 48.675068 9.237542
357 48.677597 9.238556
358 48.677333 9.239118
359 48.676526 9.236912
360 48.672403 9.236091
361 48.672868 9.236011
362 48.673366 9.236862
363 48.674873 9.237865
364 48.674866 9.238659
365 48.672620 9.238041
366 48.672065 9.236877
367 48.670246 9.234382
368 48.669395 9.234824
369 48.669783 9.235994
370 48.668359 9.235895
371 48.664805 9.261526
372 48.665344 9.258791
373 48.665837 9.258339
374 48.677514 9.238810
375 48.678360 9.240123
376 48.679005 9.242114
377 48.678809 9.243979
378 48.678741 9.244143
379 48.678456 9.243970
380 48.674998 9.237667
381 48.675012 9.237349
382 48.675164 9.237405
383 48.677741 9.238736
384 48.677513 9.238675
385 48.676340 9.236474
386 48.672296 9.236023
387 48.672664 9.235713
388 48.672954 9.236038
389 48.673327 9.236772
390 48.674935 9.237793
391 48.674901 9.238711
392 48.672725 9.237768
393 48.671107 9.236011
394 48.669253 9.233538
395 48.671521 9.235420
396 48.670552 9.233660
397 48.669056 9.234443
398 48.669281 9.235088
399 48.668251 9.235754
400 48.668184 9.236092
401 48.664663 9.262187
402 48.665314 9.259304
403 48.665668 9.259658
404 48.665972 9.258446
405 48.678226 9.239667
406 48.679086 9.242167
407 48.678911 9.243809
408 48.678717 9.244331
409 48.674982 9.237240
410 48.675304 9.237217
411 48.677847 9.238594
412 48.677911 9.239005
413 48.676073 9.235888
414 48.672279 9.236065
415 48.673191 9.234943
416 48.672989 9.236099
417 48.673464 9.236636
418 48.675012 9.238916
419 48.675200 9.238672
420 48.672801 9.237759
421 48.669085 9.233414
422 48.671943 9.234546
423 48.670685 9.233339
424 48.669352 9.232658
425 48.668831 9.234246
426 48.669071 9.235359
427 48.668217 9.235709
428 48.668212 9.235903
429 48.668064 9.236590
430 48.664606 9.262667
431 48.665367 9.259539
432 48.665489 9.259674
433 48.665908 9.259583
434 48.666073 9.258489
435 48.678061 9.239288
436 48.679245 9.242188
437 48.679041 9.243708
438 48.678724 9.244534
439 48.674881 9.236959
440 48.675538 9.236978
441 48.677854 9.238472
442 48.675996 9.235879
443 48.672140 9.236431
444 48.673330 9.234645
445 48.673087 9.234858
446 48.673275 9.235100
447 48.673196 9.235815
448 48.668723 9.232987
449 48.672069 9.234286
450 48.671719 9.234331
451 48.670872 9.232885
452 48.671305 9.233934
453 48.668919 9.232517
454 48.668661 9.234734
455 48.668996 9.235426
456 48.669260 9.235676
457 48.667867 9.235449
458 48.668542 9.235052
459 48.667935 9.236976
460 48.664652 9.263131
461 48.666057 9.259530
462 48.666030 9.258797
463 48.666205 9.258457
464 48.678827 9.239010
465 48.679455 9.242191
466 48.679219 9.241666
467 48.679385 9.243664
468 48.678760 9.245025
469 48.674538 9.236558
470 48.675351 9.236501
471 48.675641 9.236844
472 48.677453 9.237353
473 48.676013 9.235665
474 48.675960 9.236088
475 48.673251 9.234500
476 48.672734 9.234465
477 48.673815 9.235761
478 48.668790 9.232869
479 48.668280 9.233354
480 48.671058 9.232464
481 48.670354 9.232427
482 48.671556 9.233371
483 48.669051 9.232042
484 48.668419 9.234557
485 48.668897 9.235557
486 48.667092 9.235586
487 48.667814 9.235355
488 48.667786 9.237228
489 48.664731 9.264070
490 48.666003 9.259098
491 48.666263 9.259501
492 48.665995 9.258787
493 48.666060 9.258825
494 48.666301 9.258444
495 48.679527 9.238748
496 48.678695 9.238482
497 48.678973 9.239885
498 48.679845 9.242158
499 48.679109 9.240865
500 48.680002 9.243588
501 48.679419 9.244519
502 48.678932 9.246075
503 48.674220 9.236224
504 48.675252 9.236201
505 48.675718 9.236703
506 48.677361 9.237178
507 48.676045 9.234709
508 48.675905 9.236300
509 48.673226 9.234463
510 48.672578 9.234764
511 48.672531 9.234223
512 48.673440 9.236207
513 48.667921 9.233658
514 48.671134 9.232553
515 48.670916 9.232307
516 48.671763 9.233598
517 48.669103 9.231830
518 48.668271 9.234479
519 48.666895 9.235597
520 48.667790 9.235231
521 48.667690 9.237339
522 48.664736 9.264129
523 48.665962 9.259091
524 48.666043 9.259079
525 48.666384 9.259476
526 48.665956 9.258798
527 48.666078 9.258856
528 48.666342 9.258901
529 48.666414 9.258441
530 48.680218 9.238415
531 48.679795 9.241257
532 48.679378 9.238136
533 48.678295 9.237280
534 48.679918 9.242153
535 48.680094 9.244873
536 48.679449 9.244840
537 48.679118 9.244577
538 48.679139 9.247086
539 48.675238 9.236147
540 48.674987 9.236441
541 48.675823 9.236511
542 48.677244 9.237032
543 48.676067 9.234081
544 48.672774 9.233911
545 48.673076 9.234590
546 48.672516 9.234689
547 48.671923 9.233499
548 48.667539 9.233962
549 48.671539 9.233031
550 48.670752 9.232133
551 48.669130 9.231673
552 48.666807 9.235631
553 48.667144 9.234288
554 48.667738 9.234708
555 48.667591 9.237394
556 48.664759 9.264877
557 48.665933 9.259069
558 48.666076 9.259034
559 48.666432 9.259454
560 48.665922 9.258831
561 48.666095 9.258920
562 48.666656 9.258833
563 48.666512 9.258484
564 48.680298 9.238890
565 48.680508 9.241092
566 48.680649 9.242102
567 48.680191 9.245817
568 48.679514 9.245479
569 48.679150 9.244905
570 48.679192 9.247104
571 48.675932 9.233898
572 48.676105 9.233312
573 48.672666 9.234117
574 48.672409 9.234896
575 48.667518 9.233991
576 48.670191 9.231542
577 48.669148 9.231553
578 48.665746 9.236514
579 48.667034 9.234211
580 48.667171 9.234198
581 48.667706 9.234541
582 48.667381 9.237479
583 48.667753 9.238161
584 48.664693 9.265800
585 48.665904 9.259019
586 48.666094 9.258976
587 48.666531 9.259401
588 48.665898 9.258884
589 48.666634 9.258701
590 48.666654 9.259108
591 48.666589 9.258577
592 48.680387 9.239788
593 48.680980 9.242074
594 48.680319 9.246645
595 48.679574 9.246061
596 48.679239 9.245549
597 48.679686 9.246899
598 48.675849 9.233161
599 48.676145 9.232808
600 48.667509 9.234039
601 48.667305 9.234062
602 48.669827 9.231186
603 48.669160 9.231369
604 48.665627 9.236751
605 48.666990 9.234119
606 48.667231 9.234120
607 48.667621 9.234329
608 48.667173 9.236657
609 48.667100 9.237619
610 48.667849 9.238622
611 48.664510 9.266585
612 48.665891 9.258954
613 48.666616 9.259283
614 48.681016 9.242070
615 48.680979 9.241883
616 48.681428 9.246257
617 48.680270 9.246664
618 48.679218 9.245617
619 48.675958 9.232971
620 48.676243 9.232018
621 48.667525 9.234111
622 48.669321 9.230858
623 48.669171 9.231141
624 48.665475 9.237138
625 48.666866 9.233597
626 48.667120 9.236466
627 48.666663 9.236834
628 48.666431 9.237954
629 48.667148 9.237980
630 48.668303 9.238457
631 48.667957 9.239378
632 48.664345 9.267057
633 48.681055 9.242063
634 48.681039 9.242884
635 48.680914 9.241038
636 48.675994 9.231913
637 48.676368 9.231386
638 48.669179 9.230772
639 48.665378 9.237501
640 48.666808 9.233253
641 48.666201 9.237011
642 48.666290 9.237988
643 48.666445 9.238114
644 48.667152 9.238066
645 48.668366 9.238468
646 48.667975 9.239504
647 48.663824 9.268233
648 48.681169 9.242063
649 48.681161 9.244362
650 48.680814 9.239966
651 48.676216 9.231248
652 48.676451 9.231083
653 48.668373 9.230561
654 48.669202 9.230550
655 48.665255 9.237875
656 48.665572 9.237464
657 48.666802 9.233057
658 48.666122 9.236590
659 48.665350 9.238278
660 48.666415 9.238274
661 48.668492 9.237901
662 48.663597 9.269271
663 48.681135 9.241634
664 48.681524 9.242046
665 48.681090 9.244450
666 48.680791 9.239645
667 48.676329 9.231125
668 48.676677 9.230406
669 48.667838 9.230302
670 48.669337 9.230112
671 48.664604 9.238476
672 48.665651 9.237449
673 48.665024 9.238364
674 48.666351 9.238479
675 48.663347 9.270644
676 48.681132 9.241553
677 48.681571 9.242043
678 48.680744 9.239203
679 48.676910 9.229806
680 48.667739 9.230231
681 48.669424 9.229830
682 48.664463 9.238608
683 48.664657 9.238515
684 48.665781 9.237423
685 48.664780 9.238472
686 48.665096 9.238855
687 48.662900 9.272043
688 48.681153 9.241472
689 48.681584 9.242128
690 48.681582 9.241962
691 48.680708 9.238803
692 48.677061 9.229404
693 48.667281 9.229864
694 48.667722 9.230300
695 48.669717 9.229224
696 48.664696 9.238511
697 48.662690 9.274627
698 48.681301 9.241275
699 48.681619 9.242196
700 48.681606 9.241909
701 48.680680 9.238571
702 48.677321 9.228753
703 48.676906 9.229259
704 48.666759 9.229524
705 48.667687 9.230412
706 48.669863 9.228992
707 48.662300 9.275857
708 48.681411 9.241128
709 48.681228 9.241135
710 48.681664 9.242231
711 48.681641 9.241869
712 48.680664 9.238350
713 48.677529 9.228251
714 48.676820 9.229474
715 48.677094 9.228788
716 48.666644 9.229481
717 48.667766 9.230510
718 48.667496 9.230274
719 48.669533 9.227516
720 48.669959 9.228852
721 48.662084 9.276552
722 48.681446 9.241050
723 48.681205 9.240938
724 48.681702 9.242238
725 48.681703 9.241849
726 48.680642 9.238166
727 48.677618 9.228370
728 48.677614 9.228049
729 48.676675 9.229845
730 48.666173 9.229276
731 48.668157 9.230725
732 48.669333 9.226579
733 48.670199 9.228602
734 48.661327 9.278738
735 48.681457 9.240944
736 48.681745 9.242226
737 48.681779 9.243596
738 48.681693 9.241729
739 48.681775 9.241885
740 48.677796 9.229093
741 48.677750 9.228282
742 48.677972 9.227114
743 48.665705 9.229089
744 48.669197 9.225548
745 48.669055 9.226664
746 48.670310 9.228512
747 48.661114 9.279205
748 48.681297 9.239482
749 48.681783 9.242192
750 48.681891 9.246182
751 48.681668 9.241416
752 48.681813 9.241952
753 48.677927 9.229033
754 48.677939 9.228169
755 48.677891 9.226999
756 48.678008 9.227022
757 48.665301 9.228871
758 48.669073 9.226824
759 48.670379 9.228465
760 48.660433 9.280402
761 48.681249 9.239039
762 48.681149 9.239515
763 48.681825 9.242084
764 48.681941 9.246777
765 48.681631 9.241037
766 48.677917 9.228074
767 48.677574 9.225782
768 48.678086 9.226852
769 48.664961 9.228624
770 48.669112 9.227064
771 48.670553 9.228364
772 48.670286 9.228056
773 48.660043 9.281213
774 48.681199 9.239055
775 48.681272 9.239005
776 48.680989 9.239550
777 48.681097 9.239069
778 48.682025 9.247714
779 48.681477 9.239690
780 48.677880 9.227921
781 48.677543 9.225665
782 48.678178 9.227013
783 48.678502 9.225810
784 48.664651 9.228312
785 48.669154 9.227258
786 48.670418 9.227812
787 48.670819 9.228200
788 48.659665 9.282005
789 48.681171 9.239034
790 48.681282 9.238940
791 48.680901 9.238762
792 48.681148 9.239001
793 48.682168 9.249046
794 48.681295 9.237898
795 48.677163 9.224151
796 48.677494 9.225695
797 48.678285 9.227632
798 48.678637 9.225472
799 48.663903 9.227430
800 48.670268 9.227036
801 48.671135 9.228014
802 48.670869 9.228388
803 48.659464 9.282426
804 48.681262 9.238703
805 48.681094 9.238709
806 48.681117 9.238939
807 48.682328 9.250699
808 48.681258 9.237441
809 48.677055 9.223760
810 48.677438 9.225728
811 48.678317 9.227693
812 48.678782 9.225054
813 48.663690 9.227136
814 48.670141 9.226375
815 48.669919 9.227192
816 48.671261 9.227941
817 48.671261 9.229145
818 48.659331 9.282703
819 48.681226 9.238629
820 48.681130 9.238628
821 48.681092 9.238772
822 48.682412 9.251214
823 48.681245 9.236978
824 48.676908 9.223154
825 48.676927 9.223838
826 48.677253 9.225839
827 48.677324 9.225280
828 48.678451 9.228597
829 48.678369 9.227694
830 48.679040 9.224965
831 48.678681 9.225058
832 48.678792 9.224822
833 48.678821 9.225117
834 48.663593 9.226947
835 48.663567 9.227013
836 48.671349 9.227878
837 48.671380 9.229000
838 48.659227 9.282924
839 48.681177 9.238605
840 48.682626 9.252112
841 48.681244 9.236657
842 48.676775 9.223227
843 48.676816 9.222791
844 48.677100 9.225946
845 48.676585 9.225710
846 48.678506 9.228874
847 48.678711 9.227553
848 48.679204 9.224900
849 48.678405 9.225184
850 48.678788 9.224439
851 48.679275 9.227263
852 48.663299 9.226466
853 48.663361 9.226770
854 48.671503 9.227763
855 48.671274 9.227537
856 48.671544 9.229316
857 48.659139 9.283114
858 48.683012 9.253310
859 48.681250 9.236374
860 48.676643 9.223284
861 48.676668 9.222795
862 48.676769 9.222604
863 48.676746 9.226326
864 48.676352 9.224815
865 48.678861 9.228176
866 48.679137 9.224484
867 48.679347 9.224843
868 48.678202 9.224139
869 48.677961 9.225433
870 48.678729 9.223305
871 48.679312 9.227432
872 48.663162 9.226242
873 48.663224 9.226567
874 48.663458 9.226269
875 48.663225 9.226779
876 48.671424 9.227477
877 48.671679 9.227629
878 48.671486 9.229387
879 48.659063 9.283288
880 48.683121 9.253678
881 48.681270 9.235848
882 48.676511 9.222748
883 48.676635 9.222009
884 48.676701 9.222641
885 48.676426 9.226747
886 48.676958 9.227508
887 48.676050 9.223663
888 48.675847 9.225120
889 48.678870 9.228249
890 48.679276 9.224431
891 48.679986 9.224588
892 48.678063 9.223475
893 48.677822 9.224888
894 48.677680 9.225596
895 48.678718 9.223002
896 48.679430 9.227867
897 48.663026 9.226043
898 48.663224 9.226240
899 48.663041 9.226813
900 48.663068 9.226314
901 48.663574 9.226142
902 48.671613 9.227369
903 48.671817 9.227517
904 48.658991 9.283470
905 48.683226 9.254142
906 48.681267 9.235490
907 48.676184 9.222932
908 48.676550 9.221504
909 48.676710 9.221964
910 48.676242 9.227014
911 48.676258 9.226354
912 48.677050 9.228011
913 48.675900 9.223092
914 48.675654 9.224496
915 48.675346 9.225471
916 48.678865 9.228341
917 48.680424 9.224413
918 48.679713 9.223361
919 48.680141 9.225353
920 48.678031 9.223270
921 48.677657 9.224343
922 48.678703 9.221458
923 48.679532 9.228171
924 48.662947 9.225893
925 48.663338 9.226218
926 48.662953 9.226931
927 48.662913 9.226093
928 48.663656 9.226052
929 48.671920 9.227433
930 48.658924 9.283651
931 48.683273 9.254367
932 48.681247 9.235189
933 48.676141 9.222761
934 48.676456 9.220774
935 48.676402 9.221574
936 48.677189 9.221853
937 48.676327 9.227190
938 48.676057 9.227281
939 48.677131 9.228573
940 48.675357 9.223408
941 48.675612 9.221944
942 48.675457 9.223788
943 48.675516 9.225986
944 48.675055 9.224487
945 48.674832 9.225863
946 48.678838 9.228414
947 48.680370 9.224129
948 48.680678 9.224311
949 48.679643 9.222366
950 48.679904 9.225486
951 48.680170 9.225462
952 48.678013 9.223065
953 48.677500 9.223681
954 48.678703 9.219826
955 48.678662 9.221477
956 48.678754 9.221446
957 48.679692 9.228477
958 48.679236 9.228455
959 48.662881 9.225764
960 48.662855 9.227046
961 48.662795 9.225987
962 48.663752 9.225960
963 48.672124 9.227341
964 48.671885 9.227275
965 48.658860 9.283825
966 48.683368 9.255091
967 48.683206 9.254394
968 48.683531 9.254282
969 48.681221 9.234934
970 48.675945 9.222870
971 48.676086 9.222543
972 48.676425 9.219815
973 48.676042 9.221746
974 48.676352 9.221331
975 48.676457 9.221836
976 48.677007 9.220794
977 48.677378 9.222999
978 48.677549 9.221760
979 48.676463 9.228129
980 48.675795 9.226705
981 48.675805 9.227702
982 48.675251 9.222998
983 48.674848 9.223671
984 48.675546 9.221545
985 48.675088 9.222151
986 48.675134 9.226756
987 48.674816 9.225806
988 48.678680 9.228492
989 48.680329 9.223360
990 48.680796 9.224264
991 48.679570 9.221356
992 48.679792 9.225585
993 48.680878 9.228780
994 48.677974 9.222491
995 48.678908 9.219796
996 48.678695 9.219743
997 48.677914 9.221665
998 48.679554 9.221357
999 48.680041 9.229338
0 1
0 2
1 3
2 4
3 5
4 6
4 7
5 8
6 9
7 10
8 11
9 12
10 13
11 14
13 15
14 16
15 17
16 18
17 19
17 20
18 21
19 22
20 23
20 24
21 25
22 26
22 27
23 28
23 29
25 30
26 31
26 32
27 33
28 34
28 35
29 36
29 37
30 38
32 39
32 40
33 41
34 42
34 43
34 44
36 45
36 46
37 47
38 48
39 49
39 50
39 51
41 52
42 53
43 54
43 55
44 56
45 57
45 58
47 59
48 60
49 61
49 62
51 63
52 64
53 65
55 66
55 67
56 68
58 59
60 69
61 70
61 71
61 72
62 73
63 74
63 75
64 74
64 76
65 77
66 78
66 79
68 80
69 81
70 82
70 83
70 84
71 85
71 86
71 87
72 88
72 89
73 90
75 91
76 92
77 93
77 94
79 95
79 96
80 97
81 98
82 99
82 100
82 101
83 102
83 103
84 104
85 104
85 105
86 106
87 107
87 108
90 109
91 110
91 111
92 112
93 113
95 114
95 115
97 116
98 117
99 118
99 119
100 120
100 121
101 122
101 123
102 124
104 125
104 126
105 127
107 128
107 129
109 129
110 130
111 131
112 132
112 133
113 134
113 135
114 136
117 137
118 138
118 139
119 140
119 141
120 142
121 143
122 140
122 144
122 145
123 146
124 142
125 144
126 147
127 148
128 149
128 150
128 151
129 152
131 153
132 154
132 155
133 156
134 157
134 158
135 159
136 160
137 161
138 162
138 163
139 164
140 165
142 166
143 167
145 168
145 169
147 170
147 171
149 172
150 173
151 174
152 175
154 176
155 177
157 178
159 179
160 180
161 181
162 182
162 183
163 184
163 185
164 186
165 187
167 188
168 189
168 190
170 191
170 192
171 193
172 194
172 195
172 196
173 197
174 198
175 199
176 200
177 201
178 202
179 196
179 203
179 204
179 205
180 206
181 207
183 208
184 209
184 210
186 211
186 188
187 212
187 213
189 214
190 215
191 216
191 217
192 218
193 219
194 220
195 221
196 222
197 223
197 224
198 201
199 225
200 226
202 227
202 228
203 229
204 230
204 231
205 232
205 233
206 234
206 235
206 236
207 237
208 238
208 239
210 240
210 241
211 242
211 243
212 244
212 245
212 214
213 246
215 247
215 248
216 249
216 250
217 249
218 251
219 252
219 247
220 253
221 254
222 255
223 250
224 251
226 228
227 256
229 256
231 234
232 254
232 257
233 258
233 259
235 260
236 261
237 262
237 263
238 264
238 265
239 266
241 246
241 267
244 268
245 269
246 270
248 271
251 272
251 273
252 274
252 275
253 276
257 277
258 278
259 279
259 280
260 281
260 278
262 282
263 283
263 284
264 285
265 286
265 287
268 288
268 289
269 290
269 270
269 291
270 292
272 293
272 294
273 274
274 295
275 296
276 297
277 298
277 299
279 300
280 301
280 302
281 303
281 304
282 305
284 306
285 291
285 307
286 308
287 309
287 310
288 311
289 312
290 313
290 314
290 315
293 316
293 317
295 318
296 319
297 320
298 321
299 322
300 323
301 324
302 325
303 326
304 327
305 328
306 329
306 330
307 331
308 332
309 333
309 334
310 335
311 336
312 315
313 337
314 338
316 339
317 340
318 341
319 341
319 342
320 343
321 323
322 344
324 345
326 346
327 347
328 348
329 349
330 350
331 351
333 352
333 353
334 354
335 355
336 356
337 357
337 358
338 359
339 360
339 361
340 362
341 363
342 364
343 365
344 366
345 346
345 367
345 368
346 369
347 370
348 371
349 372
350 373
351 374
352 375
353 376
354 377
354 378
355 379
356 380
356 381
356 382
357 383
357 384
359 385
360 366
360 386
360 387
361 387
361 388
362 389
363 390
364 391
365 392
366 393
367 394
367 395
367 396
368 397
368 398
370 399
370 400
371 401
372 402
372 403
373 404
374 384
375 405
376 406
377 407
378 408
380 390
381 409
382 410
383 411
383 412
385 413
386 395
386 414
387 415
388 416
389 417
391 418
391 419
392 420
394 421
395 422
396 423
396 424
397 425
398 426
399 427
399 428
400 429
400 428
401 430
402 431
403 432
403 433
404 434
405 435
406 436
407 437
408 438
409 439
410 440
411 441
412 435
413 442
414 443
415 444
415 445
415 446
416 447
421 448
421 425
422 449
422 450
423 451
423 452
424 453
425 454
426 455
426 456
427 457
427 458
429 459
430 460
431 432
433 461
434 462
434 463
435 464
436 465
436 466
437 467
438 468
439 469
440 470
440 471
441 472
442 473
442 474
444 475
445 476
446 477
448 478
448 479
450 452
451 480
451 481
452 482
453 478
453 483
454 458
454 484
455 485
457 486
457 487
459 488
460 489
461 490
461 491
462 492
462 493
463 494
464 495
464 496
464 497
465 498
466 499
467 500
467 501
468 502
469 503
470 504
471 505
472 506
473 507
474 508
475 509
476 510
476 511
477 503
477 512
479 513
480 514
480 515
482 516
483 517
484 518
486 519
487 520
488 521
489 522
490 523
490 524
491 525
492 526
493 527
494 528
494 529
495 530
495 531
495 532
496 533
497 499
498 531
498 534
500 534
500 535
501 536
501 537
502 538
504 539
504 540
505 541
506 542
507 543
508 541
509 544
509 545
510 546
511 547
513 548
514 549
515 550
517 551
519 552
519 553
520 554
521 555
522 556
523 557
524 558
525 528
525 559
526 560
527 561
528 561
528 562
529 563
530 564
531 565
534 566
535 567
536 568
537 569
538 570
543 571
543 572
544 573
545 573
546 574
547 549
548 575
550 576
551 577
552 578
553 579
553 580
554 581
555 582
555 583
556 584
557 585
558 586
559 587
560 588
561 586
562 589
562 590
563 591
564 592
565 592
566 593
567 594
568 595
568 596
570 597
571 598
572 599
575 600
575 601
576 602
577 603
578 604
579 605
580 606
581 607
582 608
582 609
583 610
584 611
585 612
587 613
588 612
589 591
590 613
593 614
593 615
594 616
594 617
595 597
596 618
597 617
598 619
599 620
600 621
601 606
602 622
603 623
604 624
605 625
607 621
608 626
608 627
609 628
609 629
610 630
610 631
611 632
614 633
614 634
615 635
619 636
620 637
622 638
623 638
624 639
625 640
627 641
628 642
628 643
629 644
630 645
631 646
632 647
633 648
634 649
635 650
636 651
637 652
638 653
638 654
639 655
639 656
640 657
641 642
641 658
642 659
643 660
645 661
647 662
648 663
648 664
649 665
650 666
651 667
652 667
652 668
653 669
654 670
655 671
656 672
659 673
660 674
662 675
663 676
664 677
666 678
668 679
669 680
670 681
671 682
671 683
672 684
673 685
673 686
675 687
676 688
677 689
677 690
678 691
679 692
680 693
680 694
681 695
683 696
685 696
687 697
688 698
689 699
690 700
691 701
692 702
692 703
693 704
694 705
695 706
697 707
698 708
698 709
699 710
700 711
701 712
702 713
703 714
703 715
704 716
705 717
705 718
706 719
706 720
707 721
708 722
709 723
710 724
711 725
712 726
713 727
713 728
714 729
716 730
717 731
719 732
720 733
721 734
722 735
724 736
724 737
725 738
725 739
727 740
727 741
728 742
730 743
732 744
732 745
733 746
734 747
735 748
736 749
737 750
738 751
739 752
740 753
741 754
741 753
742 755
742 756
743 757
745 758
746 759
747 760
748 761
748 762
749 763
750 764
751 765
752 763
754 766
755 767
756 768
757 769
758 770
759 771
759 772
760 773
761 774
761 775
762 776
762 777
764 778
765 779
766 780
767 781
768 782
768 783
769 784
770 785
771 786
771 787
773 788
774 789
775 790
776 791
777 792
778 793
779 794
781 795
781 796
782 797
783 798
784 799
786 800
787 801
787 802
788 803
789 792
790 804
791 805
792 806
793 807
794 808
795 809
796 810
797 811
798 812
799 813
800 814
800 815
801 816
802 817
803 818
804 819
805 820
805 821
806 821
807 822
808 823
809 824
809 825
810 826
810 827
811 828
811 829
812 830
812 831
812 832
812 833
813 834
813 835
816 836
817 837
818 838
819 839
820 839
822 840
823 841
824 842
824 843
825 842
826 844
827 845
828 846
829 847
830 848
831 849
832 850
833 851
834 852
835 853
836 854
836 855
837 856
838 857
840 858
841 859
842 860
842 861
843 862
844 863
845 863
845 864
847 851
847 865
848 866
848 867
849 868
849 869
850 870
851 871
852 872
852 873
852 874
853 875
853 873
854 876
854 877
856 878
857 879
858 880
859 881
860 882
862 883
862 884
863 885
863 886
864 887
864 888
865 889
866 890
867 891
867 890
868 892
869 893
869 894
870 895
871 896
872 897
872 898
873 899
873 900
874 901
875 899
877 902
877 903
879 904
880 905
881 906
882 907
882 884
883 908
883 909
885 910
885 911
886 912
887 913
888 914
888 915
888 911
889 916
891 917
891 918
891 919
892 920
893 921
895 922
896 923
897 924
898 925
899 926
900 927
901 925
901 928
903 929
904 930
905 931
906 932
907 913
907 933
908 934
908 935
909 936
910 937
910 938
912 939
913 940
913 941
914 942
915 943
915 944
915 945
916 946
917 947
917 948
918 949
919 950
919 951
920 952
921 953
922 954
922 955
922 956
923 957
923 958
924 959
926 960
927 961
928 962
929 963
929 964
930 965
931 966
931 967
931 968
932 969
933 970
933 971
934 972
935 973
935 974
935 975
936 976
936 977
936 978
937 979
938 980
938 981
940 942
940 982
940 983
941 984
941 985
943 980
944 983
945 986
945 987
946 988
947 989
948 990
949 991
950 992
951 993
952 994
953 977
954 995
954 996
955 997
956 998
957 999
978 997
982 985
991 998
994 997
