2000
2190
0 48.667421 9.244557
1 48.667273 9.244867
2 48.667598 9.244326
3 48.667019 9.245514
4 48.667887 9.244100
5 48.666553 9.246506
6 48.667910 9.243956
7 48.668224 9.243993
8 48.666470 9.246840
9 48.668005 9.243360
10 48.668449 9.243920
11 48.666432 9.247853
12 48.668039 9.243131
13 48.668761 9.243803
14 48.666335 9.248299
15 48.669016 9.243651
16 48.666165 9.248797
17 48.669226 9.243498
18 48.666097 9.249283
19 48.669474 9.243271
20 48.669136 9.243064
21 48.666080 9.249398
22 48.669846 9.242894
23 48.669072 9.242749
24 48.668852 9.243310
25 48.666052 9.249999
26 48.670361 9.244316
27 48.670290 9.242470
28 48.669024 9.242452
29 48.668553 9.242861
30 48.666148 9.251029
31 48.670704 9.245315
32 48.670957 9.244197
33 48.670501 9.242282
34 48.668847 9.241588
35 48.669436 9.242260
36 48.668509 9.242871
37 48.668563 9.242978
38 48.666192 9.251536
39 48.671485 9.244090
40 48.671023 9.244831
41 48.670637 9.242141
42 48.669137 9.241439
43 48.668737 9.240926
44 48.668592 9.241723
45 48.668450 9.242883
46 48.668462 9.242335
47 48.668549 9.243041
48 48.666218 9.252156
49 48.672207 9.243896
50 48.671666 9.245068
51 48.671390 9.243578
52 48.670748 9.242007
53 48.669315 9.241311
54 48.668117 9.241042
55 48.668648 9.240422
56 48.668222 9.241905
57 48.668399 9.242894
58 48.668463 9.243011
59 48.668497 9.243054
60 48.666174 9.252465
61 48.673377 9.243589
62 48.672092 9.243387
63 48.671256 9.243127
64 48.670854 9.241800
65 48.669513 9.241136
66 48.668616 9.240099
67 48.669430 9.240267
68 48.668143 9.241943
69 48.665910 9.253716
70 48.674576 9.243297
71 48.673018 9.242207
72 48.673533 9.244751
73 48.671957 9.242885
74 48.671005 9.242245
75 48.670966 9.243305
76 48.670942 9.241567
77 48.669711 9.240858
78 48.668167 9.240180
79 48.668573 9.239570
80 48.667837 9.242174
81 48.665842 9.254187
82 48.675475 9.242791
83 48.674821 9.244443
84 48.674249 9.241676
85 48.673414 9.241958
86 48.672825 9.242339
87 48.672682 9.241122
88 48.673570 9.245154
89 48.673969 9.244560
90 48.671869 9.242581
91 48.670884 9.243320
92 48.671034 9.241247
93 48.669836 9.240679
94 48.669840 9.241429
95 48.668568 9.239461
96 48.669293 9.239434
97 48.667210 9.242593
98 48.665757 9.254754
99 48.676084 9.242521
100 48.675851 9.244305
101 48.675266 9.241727
102 48.674885 9.244829
103 48.674455 9.244572
104 48.674243 9.241459
105 48.673321 9.241649
106 48.672369 9.242734
107 48.672525 9.240619
108 48.673149 9.240752
109 48.671877 9.242403
110 48.670759 9.243343
111 48.670768 9.242900
112 48.671071 9.241144
113 48.669930 9.240591
114 48.668557 9.239297
115 48.668217 9.239528
116 48.666906 9.242732
117 48.665627 9.255269
118 48.676606 9.242282
119 48.675819 9.241443
120 48.675808 9.244361
121 48.675931 9.244207
122 48.675177 9.241275
123 48.674910 9.241897
124 48.674893 9.245090
125 48.674514 9.241281
126 48.674246 9.241260
127 48.673234 9.241588
128 48.672372 9.240171
129 48.671941 9.242209
130 48.670596 9.243379
131 48.670744 9.242870
132 48.671148 9.240934
133 48.671185 9.241320
134 48.670125 9.240456
135 48.669867 9.240039
136 48.668574 9.239117
137 48.665485 9.255690
138 48.677019 9.242141
139 48.676761 9.243224
140 48.675806 9.241388
141 48.676029 9.241438
142 48.675370 9.244778
143 48.676250 9.244096
144 48.674673 9.241241
145 48.675018 9.240626
146 48.675067 9.242470
147 48.673948 9.239359
148 48.673176 9.241609
149 48.672328 9.240051
150 48.672528 9.239965
151 48.672290 9.240255
152 48.671548 9.242276
153 48.670709 9.242885
154 48.671063 9.240895
155 48.671268 9.240780
156 48.671318 9.241696
157 48.670239 9.240428
158 48.670349 9.240983
159 48.669889 9.239931
160 48.668619 9.238904
161 48.665277 9.256302
162 48.677110 9.242112
163 48.676997 9.241593
164 48.676864 9.243478
165 48.675761 9.241119
166 48.675239 9.243880
167 48.676282 9.244215
168 48.674867 9.240009
169 48.675365 9.240603
170 48.673938 9.239288
171 48.674093 9.239296
172 48.671886 9.239240
173 48.673004 9.239250
174 48.672066 9.240401
175 48.671510 9.242370
176 48.670937 9.240907
177 48.671373 9.240713
178 48.670347 9.240454
179 48.670213 9.239264
180 48.668698 9.238599
181 48.665139 9.256938
182 48.677169 9.242961
183 48.677446 9.242059
184 48.676984 9.241391
185 48.677336 9.241503
186 48.676960 9.244087
187 48.675759 9.240733
188 48.676342 9.244308
189 48.675022 9.239943
190 48.674793 9.239700
191 48.673853 9.239307
192 48.673870 9.239071
193 48.674330 9.239120
194 48.671937 9.239223
195 48.671869 9.239209
196 48.671478 9.239859
197 48.673281 9.238890
198 48.671643 9.240609
199 48.671537 9.242579
200 48.670798 9.240880
201 48.671489 9.240668
202 48.670449 9.240522
203 48.670276 9.239466
204 48.669689 9.238312
205 48.670801 9.237983
206 48.669000 9.237416
207 48.665118 9.257738
208 48.677642 9.242050
209 48.676403 9.241482
210 48.676977 9.241213
211 48.677468 9.243998
212 48.675770 9.239873
213 48.676195 9.240659
214 48.675420 9.239882
215 48.674754 9.239585
216 48.673637 9.239345
217 48.673782 9.239617
218 48.673762 9.238724
219 48.674410 9.238973
220 48.672114 9.238949
221 48.671674 9.238865
222 48.671338 9.239994
223 48.673361 9.239074
224 48.673495 9.238725
225 48.671465 9.242633
226 48.670661 9.240782
227 48.670430 9.240377
228 48.670554 9.240663
229 48.670341 9.239713
230 48.669498 9.238737
231 48.669558 9.238083
232 48.671384 9.238479
233 48.670222 9.237506
234 48.669350 9.237816
235 48.669104 9.237074
236 48.668666 9.237276
237 48.665123 9.257907
238 48.677800 9.242047
239 48.677726 9.243027
240 48.677286 9.241128
241 48.676946 9.240806
242 48.677450 9.243696
243 48.677477 9.244118
244 48.675718 9.238838
245 48.676287 9.239872
246 48.676941 9.240673
247 48.674644 9.239315
248 48.674927 9.239483
249 48.673711 9.239660
250 48.673553 9.239202
251 48.673697 9.238569
252 48.674357 9.238707
253 48.672194 9.238736
254 48.671509 9.238624
255 48.671019 9.240163
256 48.670390 9.240009
257 48.671790 9.237531
258 48.669540 9.236942
259 48.670727 9.236424
260 48.669250 9.236674
261 48.668316 9.237171
262 48.665148 9.258636
263 48.665344 9.257837
264 48.677781 9.241216
265 48.678172 9.242044
266 48.677739 9.243117
267 48.677328 9.240708
268 48.675606 9.237757
269 48.676919 9.239907
270 48.676932 9.240409
271 48.675003 9.239379
272 48.673270 9.237571
273 48.674008 9.238328
274 48.674205 9.238166
275 48.674555 9.238700
276 48.672289 9.238598
277 48.671801 9.237510
278 48.669388 9.236802
279 48.670847 9.236559
280 48.670683 9.236371
281 48.669204 9.236621
282 48.665196 9.259736
283 48.666527 9.257402
284 48.665372 9.257964
285 48.677671 9.239936
286 48.678111 9.242615
287 48.678368 9.242046
288 48.675271 9.237782
289 48.676125 9.237734
290 48.676779 9.237952
291 48.677325 9.239916
292 48.677238 9.240337
293 48.673108 9.237204
294 48.673863 9.237088
295 48.674380 9.238038
296 48.674683 9.238623
297 48.672431 9.238411
298 48.671550 9.237299
299 48.671858 9.237374
300 48.671043 9.236794
301 48.670394 9.236024
302 48.670842 9.236036
303 48.669283 9.236337
304 48.669014 9.236425
305 48.665177 9.260175
306 48.665411 9.258086
307 48.677873 9.239899
308 48.678239 9.242937
309 48.678623 9.242050
310 48.678363 9.242327
311 48.675187 9.237730
312 48.676361 9.237776
313 48.677117 9.238115
314 48.676738 9.237721
315 48.676492 9.237820
316 48.672779 9.236403
317 48.673329 9.236989
318 48.674532 9.237948
319 48.674750 9.238479
320 48.672494 9.238307
321 48.671393 9.237162
322 48.671992 9.237050
323 48.671266 9.237026
324 48.670071 9.235626
325 48.670684 9.235883
326 48.669397 9.235978
327 48.668877 9.236306
328 48.665100 9.260514
329 48.665380 9.258172
330 48.665568 9.258084
331 48.677934 9.239850
332 48.678306 9.243252
333 48.678773 9.241887
334 48.678629 9.242303
335 48.678420 9.242928
336 48.675133 9.237648
337 48.677351 9.238295
338 48.676685 9.237432
339 48.672670 9.236313
340 48.673320 9.236942
341 48.674696 9.237909
342 48.674823 9.238595
343 48.672578 9.238171
344 48.672032 9.236957
345 48.669752 9.235280
346 48.669533 9.235689
347 48.668435 9.235981
348 48.665052 9.260685
349 48.665346 9.258344
350 48.665731 9.258231
351 48.677815 9.239545
352 48.678662 9.241580
353 48.678896 9.242028
354 48.678745 9.244110
355 48.678455 9.243382
356 48.675068 9.237542
357 48.677597 9.238556
358 48.677333 9.239118
359 48.676526 9.236912
360 48.672403 9.236091
361 48.672868 9.236011
362 48.673366 9.236862
363 48.674873 9.237865
364 48.674866 9.238659
365 48.672620 9.238041
366 48.672065 9.236877
367 48.670246 9.234382
368 48.669395 9.234824
369 48.669783 9.235994
370 48.668359 9.235895
371 48.664805 9.261526
372 48.665344 9.258791
373 48.665837 9.258339
374 48.677514 9.238810
375 48.678360 9.240123
376 48.679005 9.242114
377 48.678809 9.243979
378 48.678741 9.244143
379 48.678456 9.243970
380 48.674998 9.237667
381 48.675012 9.237349
382 48.675164 9.237405
383 48.677741 9.238736
384 48.677513 9.238675
385 48.676340 9.236474
386 48.672296 9.236023
387 48.672664 9.235713
388 48.672954 9.236038
389 48.673327 9.236772
390 48.674935 9.237793
391 48.674901 9.238711
392 48.672725 9.237768
393 48.671107 9.236011
394 48.669253 9.233538
395 48.671521 9.235420
396 48.670552 9.233660
397 48.669056 9.234443
398 48.669281 9.235088
399 48.668251 9.235754
400 48.668184 9.236092
401 48.664663 9.262187
402 48.665314 9.259304
403 48.665668 9.259658
404 48.665972 9.258446
405 48.678226 9.239667
406 48.679086 9.242167
407 48.678911 9.243809
408 48.678717 9.244331
409 48.674982 9.237240
410 48.675304 9.237217
411 48.677847 9.238594
412 48.677911 9.239005
413 48.676073 9.235888
414 48.672279 9.236065
415 48.673191 9.234943
416 48.672989 9.236099
417 48.673464 9.236636
418 48.675012 9.238916
419 48.675200 9.238672
420 48.672801 9.237759
421 48.669085 9.233414
422 48.671943 9.234546
423 48.670685 9.233339
424 48.669352 9.232658
425 48.668831 9.234246
426 48.669071 9.235359
427 48.668217 9.235709
428 48.668212 9.235903
429 48.668064 9.236590
430 48.664606 9.262667
431 48.665367 9.259539
432 48.665489 9.259674
433 48.665908 9.259583
434 48.666073 9.258489
435 48.678061 9.239288
436 48.679245 9.242188
437 48.679041 9.243708
438 48.678724 9.244534
439 48.674881 9.236959
440 48.675538 9.236978
441 48.677854 9.238472
442 48.675996 9.235879
443 48.672140 9.236431
444 48.673330 9.234645
445 48.673087 9.234858
446 48.673275 9.235100
447 48.673196 9.235815
448 48.668723 9.232987
449 48.672069 9.234286
450 48.671719 9.234331
451 48.670872 9.232885
452 48.671305 9.233934
453 48.668919 9.232517
454 48.668661 9.234734
455 48.668996 9.235426
456 48.669260 9.235676
457 48.667867 9.235449
458 48.668542 9.235052
459 48.667935 9.236976
460 48.664652 9.263131
461 48.666057 9.259530
462 48.666030 9.258797
463 48.666205 9.258457
464 48.678827 9.239010
465 48.679455 9.242191
466 48.679219 9.241666
467 48.679385 9.243664
468 48.678760 9.245025
469 48.674538 9.236558
470 48.675351 9.236501
471 48.675641 9.236844
472 48.677453 9.237353
473 48.676013 9.235665
474 48.675960 9.236088
475 48.673251 9.234500
476 48.672734 9.234465
477 48.673815 9.235761
478 48.668790 9.232869
479 48.668280 9.233354
480 48.671058 9.232464
481 48.670354 9.232427
482 48.671556 9.233371
483 48.669051 9.232042
484 48.668419 9.234557
485 48.668897 9.235557
486 48.667092 9.235586
487 48.667814 9.235355
488 48.667786 9.237228
489 48.664731 9.264070
490 48.666003 9.259098
491 48.666263 9.259501
492 48.665995 9.258787
493 48.666060 9.258825
494 48.666301 9.258444
495 48.679527 9.238748
496 48.678695 9.238482
497 48.678973 9.239885
498 48.679845 9.242158
499 48.679109 9.240865
500 48.680002 9.243588
501 48.679419 9.244519
502 48.678932 9.246075
503 48.674220 9.236224
504 48.675252 9.236201
505 48.675718 9.236703
506 48.677361 9.237178
507 48.676045 9.234709
508 48.675905 9.236300
509 48.673226 9.234463
510 48.672578 9.234764
511 48.672531 9.234223
512 48.673440 9.236207
513 48.667921 9.233658
514 48.671134 9.232553
515 48.670916 9.232307
516 48.671763 9.233598
517 48.669103 9.231830
518 48.668271 9.234479
519 48.666895 9.235597
520 48.667790 9.235231
521 48.667690 9.237339
522 48.664736 9.264129
523 48.665962 9.259091
524 48.666043 9.259079
525 48.666384 9.259476
526 48.665956 9.258798
527 48.666078 9.258856
528 48.666342 9.258901
529 48.666414 9.258441
530 48.680218 9.238415
531 48.679795 9.241257
532 48.679378 9.238136
533 48.678295 9.237280
534 48.679918 9.242153
535 48.680094 9.244873
536 48.679449 9.244840
537 48.679118 9.244577
538 48.679139 9.247086
539 48.675238 9.236147
540 48.674987 9.236441
541 48.675823 9.236511
542 48.677244 9.237032
543 48.676067 9.234081
544 48.672774 9.233911
545 48.673076 9.234590
546 48.672516 9.234689
547 48.671923 9.233499
548 48.667539 9.233962
549 48.671539 9.233031
550 48.670752 9.232133
551 48.669130 9.231673
552 48.666807 9.235631
553 48.667144 9.234288
554 48.667738 9.234708
555 48.667591 9.237394
556 48.664759 9.264877
557 48.665933 9.259069
558 48.666076 9.259034
559 48.666432 9.259454
560 48.665922 9.258831
561 48.666095 9.258920
562 48.666656 9.258833
563 48.666512 9.258484
564 48.680298 9.238890
565 48.680508 9.241092
566 48.680649 9.242102
567 48.680191 9.245817
568 48.679514 9.245479
569 48.679150 9.244905
570 48.679192 9.247104
571 48.675932 9.233898
572 48.676105 9.233312
573 48.672666 9.234117
574 48.672409 9.234896
575 48.667518 9.233991
576 48.670191 9.231542
577 48.669148 9.231553
578 48.665746 9.236514
579 48.667034 9.234211
580 48.667171 9.234198
581 48.667706 9.234541
582 48.667381 9.237479
583 48.667753 9.238161
584 48.664693 9.265800
585 48.665904 9.259019
586 48.666094 9.258976
587 48.666531 9.259401
588 48.665898 9.258884
589 48.666634 9.258701
590 48.666654 9.259108
591 48.666589 9.258577
592 48.680387 9.239788
593 48.680980 9.242074
594 48.680319 9.246645
595 48.679574 9.246061
596 48.679239 9.245549
597 48.679686 9.246899
598 48.675849 9.233161
599 48.676145 9.232808
600 48.667509 9.234039
601 48.667305 9.234062
602 48.669827 9.231186
603 48.669160 9.231369
604 48.665627 9.236751
605 48.666990 9.234119
606 48.667231 9.234120
607 48.667621 9.234329
608 48.667173 9.236657
609 48.667100 9.237619
610 48.667849 9.238622
611 48.664510 9.266585
612 48.665891 9.258954
613 48.666616 9.259283
614 48.681016 9.242070
615 48.680979 9.241883
616 48.681428 9.246257
617 48.680270 9.246664
618 48.679218 9.245617
619 48.675958 9.232971
620 48.676243 9.232018
621 48.667525 9.234111
622 48.669321 9.230858
623 48.669171 9.231141
624 48.665475 9.237138
625 48.666866 9.233597
626 48.667120 9.236466
627 48.666663 9.236834
628 48.666431 9.237954
629 48.667148 9.237980
630 48.668303 9.238457
631 48.667957 9.239378
632 48.664345 9.267057
633 48.681055 9.242063
634 48.681039 9.242884
635 48.680914 9.241038
636 48.675994 9.231913
637 48.676368 9.231386
638 48.669179 9.230772
639 48.665378 9.237501
640 48.666808 9.233253
641 48.666201 9.237011
642 48.666290 9.237988
643 48.666445 9.238114
644 48.667152 9.238066
645 48.668366 9.238468
646 48.667975 9.239504
647 48.663824 9.268233
648 48.681169 9.242063
649 48.681161 9.244362
650 48.680814 9.239966
651 48.676216 9.231248
652 48.676451 9.231083
653 48.668373 9.230561
654 48.669202 9.230550
655 48.665255 9.237875
656 48.665572 9.237464
657 48.666802 9.233057
658 48.666122 9.236590
659 48.665350 9.238278
660 48.666415 9.238274
661 48.668492 9.237901
662 48.663597 9.269271
663 48.681135 9.241634
664 48.681524 9.242046
665 48.681090 9.244450
666 48.680791 9.239645
667 48.676329 9.231125
668 48.676677 9.230406
669 48.667838 9.230302
670 48.669337 9.230112
671 48.664604 9.238476
672 48.665651 9.237449
673 48.665024 9.238364
674 48.666351 9.238479
675 48.663347 9.270644
676 48.681132 9.241553
677 48.681571 9.242043
678 48.680744 9.239203
679 48.676910 9.229806
680 48.667739 9.230231
681 48.669424 9.229830
682 48.664463 9.238608
683 48.664657 9.238515
684 48.665781 9.237423
685 48.664780 9.238472
686 48.665096 9.238855
687 48.662900 9.272043
688 48.681153 9.241472
689 48.681584 9.242128
690 48.681582 9.241962
691 48.680708 9.238803
692 48.677061 9.229404
693 48.667281 9.229864
694 48.667722 9.230300
695 48.669717 9.229224
696 48.664696 9.238511
697 48.662690 9.274627
698 48.681301 9.241275
699 48.681619 9.242196
700 48.681606 9.241909
701 48.680680 9.238571
702 48.677321 9.228753
703 48.676906 9.229259
704 48.666759 9.229524
705 48.667687 9.230412
706 48.669863 9.228992
707 48.662300 9.275857
708 48.681411 9.241128
709 48.681228 9.241135
710 48.681664 9.242231
711 48.681641 9.241869
712 48.680664 9.238350
713 48.677529 9.228251
714 48.676820 9.229474
715 48.677094 9.228788
716 48.666644 9.229481
717 48.667766 9.230510
718 48.667496 9.230274
719 48.669533 9.227516
720 48.669959 9.228852
721 48.662084 9.276552
722 48.681446 9.241050
723 48.681205 9.240938
724 48.681702 9.242238
725 48.681703 9.241849
726 48.680642 9.238166
727 48.677618 9.228370
728 48.677614 9.228049
729 48.676675 9.229845
730 48.666173 9.229276
731 48.668157 9.230725
732 48.669333 9.226579
733 48.670199 9.228602
734 48.661327 9.278738
735 48.681457 9.240944
736 48.681745 9.242226
737 48.681779 9.243596
738 48.681693 9.241729
739 48.681775 9.241885
740 48.677796 9.229093
741 48.677750 9.228282
742 48.677972 9.227114
743 48.665705 9.229089
744 48.669197 9.225548
745 48.669055 9.226664
746 48.670310 9.228512
747 48.661114 9.279205
748 48.681297 9.239482
749 48.681783 9.242192
750 48.681891 9.246182
751 48.681668 9.241416
752 48.681813 9.241952
753 48.677927 9.229033
754 48.677939 9.228169
755 48.677891 9.226999
756 48.678008 9.227022
757 48.665301 9.228871
758 48.669073 9.226824
759 48.670379 9.228465
760 48.660433 9.280402
761 48.681249 9.239039
762 48.681149 9.239515
763 48.681825 9.242084
764 48.681941 9.246777
765 48.681631 9.241037
766 48.677917 9.228074
767 48.677574 9.225782
768 48.678086 9.226852
769 48.664961 9.228624
770 48.669112 9.227064
771 48.670553 9.228364
772 48.670286 9.228056
773 48.660043 9.281213
774 48.681199 9.239055
775 48.681272 9.239005
776 48.680989 9.239550
777 48.681097 9.239069
778 48.682025 9.247714
779 48.681477 9.239690
780 48.677880 9.227921
781 48.677543 9.225665
782 48.678178 9.227013
783 48.678502 9.225810
784 48.664651 9.228312
785 48.669154 9.227258
786 48.670418 9.227812
787 48.670819 9.228200
788 48.659665 9.282005
789 48.681171 9.239034
790 48.681282 9.238940
791 48.680901 9.238762
792 48.681148 9.239001
793 48.682168 9.249046
794 48.681295 9.237898
795 48.677163 9.224151
796 48.677494 9.225695
797 48.678285 9.227632
798 48.678637 9.225472
799 48.663903 9.227430
800 48.670268 9.227036
801 48.671135 9.228014
802 48.670869 9.228388
803 48.659464 9.282426
804 48.681262 9.238703
805 48.681094 9.238709
806 48.681117 9.238939
807 48.682328 9.250699
808 48.681258 9.237441
809 48.677055 9.223760
810 48.677438 9.225728
811 48.678317 9.227693
812 48.678782 9.225054
813 48.663690 9.227136
814 48.670141 9.226375
815 48.669919 9.227192
816 48.671261 9.227941
817 48.671261 9.229145
818 48.659331 9.282703
819 48.681226 9.238629
820 48.681130 9.238628
821 48.681092 9.238772
822 48.682412 9.251214
823 48.681245 9.236978
824 48.676908 9.223154
825 48.676927 9.223838
826 48.677253 9.225839
827 48.677324 9.225280
828 48.678451 9.228597
829 48.678369 9.227694
830 48.679040 9.224965
831 48.678681 9.225058
832 48.678792 9.224822
833 48.678821 9.225117
834 48.663593 9.226947
835 48.663567 9.227013
836 48.671349 9.227878
837 48.671380 9.229000
838 48.659227 9.282924
839 48.681177 9.238605
840 48.682626 9.252112
841 48.681244 9.236657
842 48.676775 9.223227
843 48.676816 9.222791
844 48.677100 9.225946
845 48.676585 9.225710
846 48.678506 9.228874
847 48.678711 9.227553
848 48.679204 9.224900
849 48.678405 9.225184
850 48.678788 9.224439
851 48.679275 9.227263
852 48.663299 9.226466
853 48.663361 9.226770
854 48.671503 9.227763
855 48.671274 9.227537
856 48.671544 9.229316
857 48.659139 9.283114
858 48.683012 9.253310
859 48.681250 9.236374
860 48.676643 9.223284
861 48.676668 9.222795
862 48.676769 9.222604
863 48.676746 9.226326
864 48.676352 9.224815
865 48.678861 9.228176
866 48.679137 9.224484
867 48.679347 9.224843
868 48.678202 9.224139
869 48.677961 9.225433
870 48.678729 9.223305
871 48.679312 9.227432
872 48.663162 9.226242
873 48.663224 9.226567
874 48.663458 9.226269
875 48.663225 9.226779
876 48.671424 9.227477
877 48.671679 9.227629
878 48.671486 9.229387
879 48.659063 9.283288
880 48.683121 9.253678
881 48.681270 9.235848
882 48.676511 9.222748
883 48.676635 9.222009
884 48.676701 9.222641
885 48.676426 9.226747
886 48.676958 9.227508
887 48.676050 9.223663
888 48.675847 9.225120
889 48.678870 9.228249
890 48.679276 9.224431
891 48.679986 9.224588
892 48.678063 9.223475
893 48.677822 9.224888
894 48.677680 9.225596
895 48.678718 9.223002
896 48.679430 9.227867
897 48.663026 9.226043
898 48.663224 9.226240
899 48.663041 9.226813
900 48.663068 9.226314
901 48.663574 9.226142
902 48.671613 9.227369
903 48.671817 9.227517
904 48.658991 9.283470
905 48.683226 9.254142
906 48.681267 9.235490
907 48.676184 9.222932
908 48.676550 9.221504
909 48.676710 9.221964
910 48.676242 9.227014
911 48.676258 9.226354
912 48.677050 9.228011
913 48.675900 9.223092
914 48.675654 9.224496
915 48.675346 9.225471
916 48.678865 9.228341
917 48.680424 9.224413
918 48.679713 9.223361
919 48.680141 9.225353
920 48.678031 9.223270
921 48.677657 9.224343
922 48.678703 9.221458
923 48.679532 9.228171
924 48.662947 9.225893
925 48.663338 9.226218
926 48.662953 9.226931
927 48.662913 9.226093
928 48.663656 9.226052
929 48.671920 9.227433
930 48.658924 9.283651
931 48.683273 9.254367
932 48.681247 9.235189
933 48.676141 9.222761
934 48.676456 9.220774
935 48.676402 9.221574
936 48.677189 9.221853
937 48.676327 9.227190
938 48.676057 9.227281
939 48.677131 9.228573
940 48.675357 9.223408
941 48.675612 9.221944
942 48.675457 9.223788
943 48.675516 9.225986
944 48.675055 9.224487
945 48.674832 9.225863
946 48.678838 9.228414
947 48.680370 9.224129
948 48.680678 9.224311
949 48.679643 9.222366
950 48.679904 9.225486
951 48.680170 9.225462
952 48.678013 9.223065
953 48.677500 9.223681
954 48.678703 9.219826
955 48.678662 9.221477
956 48.678754 9.221446
957 48.679692 9.228477
958 48.679236 9.228455
959 48.662881 9.225764
960 48.662855 9.227046
961 48.662795 9.225987
962 48.663752 9.225960
963 48.672124 9.227341
964 48.671885 9.227275
965 48.658860 9.283825
966 48.683368 9.255091
967 48.683206 9.254394
968 48.683531 9.254282
969 48.681221 9.234934
970 48.675945 9.222870
971 48.676086 9.222543
972 48.676425 9.219815
973 48.676042 9.221746
974 48.676352 9.221331
975 48.676457 9.221836
976 48.677007 9.220794
977 48.677378 9.222999
978 48.677549 9.221760
979 48.676463 9.228129
980 48.675795 9.226705
981 48.675805 9.227702
982 48.675251 9.222998
983 48.674848 9.223671
984 48.675546 9.221545
985 48.675088 9.222151
986 48.675134 9.226756
987 48.674816 9.225806
988 48.678680 9.228492
989 48.680329 9.223360
990 48.680796 9.224264
991 48.679570 9.221356
992 48.679792 9.225585
993 48.680878 9.228780
994 48.677974 9.222491
995 48.678908 9.219796
996 48.678695 9.219743
997 48.677914 9.221665
998 48.679554 9.221357
999 48.680041 9.229338
1000 48.679165 9.228468
1001 48.662828 9.225589
1002 48.662778 9.227114
1003 48.662667 9.225946
1004 48.663867 9.225884
1005 48.672381 9.227813
1006 48.673125 9.226574
1007 48.671584 9.225910
1008 48.658816 9.283941
1009 48.683464 9.256132
1010 48.682978 9.254477
1011 48.683636 9.254723
1012 48.683780 9.254219
1013 48.681191 9.234728
1014 48.675893 9.222638
1015 48.676421 9.219553
1016 48.676513 9.219811
1017 48.675991 9.221503
1018 48.676096 9.222007
1019 48.676503 9.222058
1020 48.676870 9.219916
1021 48.677498 9.221371
1022 48.676639 9.229136
1023 48.675844 9.227782
1024 48.675749 9.227780
1025 48.674315 9.223959
1026 48.674574 9.222391
1027 48.675334 9.220062
1028 48.674956 9.221273
1029 48.675682 9.227874
1030 48.674420 9.224442
1031 48.680271 9.222720
1032 48.680751 9.223234
1033 48.680882 9.224810
1034 48.681868 9.223813
1035 48.680022 9.221277
1036 48.679729 9.225727
1037 48.681184 9.230312
1038 48.680359 9.229122
1039 48.679129 9.219732
1040 48.678678 9.219614
1041 48.679517 9.220654
1042 48.680128 9.229300
1043 48.680185 9.229784
1044 48.662783 9.225352
1045 48.662634 9.227210
1046 48.662539 9.225939
1047 48.664055 9.225775
1048 48.672901 9.229009
1049 48.673519 9.226303
1050 48.673599 9.228082
1051 48.672682 9.225063
1052 48.671670 9.225606
1053 48.658776 9.284045
1054 48.683527 9.257126
1055 48.682800 9.254542
1056 48.682989 9.254607
1057 48.683627 9.254958
1058 48.683673 9.254485
1059 48.684345 9.254535
1060 48.684141 9.254080
1061 48.681117 9.234337
1062 48.676257 9.219630
1063 48.676388 9.218864
1064 48.676742 9.219793
1065 48.676143 9.222230
1066 48.676821 9.219733
1067 48.677392 9.221411
1068 48.677737 9.221297
1069 48.675924 9.228319
1070 48.674177 9.223315
1071 48.674496 9.221851
1072 48.674048 9.222615
1073 48.675279 9.219544
1074 48.675631 9.219933
1075 48.674862 9.220292
1076 48.674886 9.220785
1077 48.675534 9.228094
1078 48.680139 9.222004
1079 48.680699 9.221855
1080 48.681656 9.222867
1081 48.680959 9.225209
1082 48.682330 9.223619
1083 48.680357 9.221244
1084 48.679923 9.220509
1085 48.679693 9.225888
1086 48.680788 9.230500
1087 48.681338 9.231179
1088 48.680160 9.228326
1089 48.680595 9.229816
1090 48.679256 9.219646
1091 48.678628 9.219235
1092 48.679498 9.220618
1093 48.680282 9.230128
1094 48.662767 9.225103
1095 48.662440 9.227288
1096 48.662408 9.225980
1097 48.664267 9.225718
1098 48.673165 9.229628
1099 48.673910 9.229135
1100 48.674391 9.227577
1101 48.658723 9.284164
1102 48.658819 9.284121
1103 48.683541 9.257434
1104 48.682619 9.254609
1105 48.682958 9.254620
1106 48.683071 9.254658
1107 48.683621 9.255190
1108 48.684367 9.254774
1109 48.683739 9.254463
1110 48.684324 9.254313
1111 48.680982 9.233479
1112 48.675987 9.219769
1113 48.676061 9.219007
1114 48.676373 9.218571
1115 48.676785 9.219790
1116 48.676802 9.219770
1117 48.676823 9.219649
1118 48.675893 9.228446
1119 48.674364 9.220927
1120 48.673999 9.222174
1121 48.673663 9.222769
1122 48.675080 9.217564
1123 48.675521 9.218498
1124 48.674828 9.220307
1125 48.674853 9.220544
1126 48.675424 9.228218
1127 48.680668 9.221500
1128 48.681428 9.221794
1129 48.681032 9.225387
1130 48.682238 9.222907
1131 48.682361 9.223622
1132 48.680642 9.221198
1133 48.679721 9.219992
1134 48.679699 9.226048
1135 48.681478 9.231989
1136 48.680942 9.231351
1137 48.679492 9.219460
1138 48.678492 9.218345
1139 48.679362 9.220663
1140 48.679427 9.220476
1141 48.680367 9.230462
1142 48.662780 9.224883
1143 48.662259 9.227329
1144 48.662244 9.226076
1145 48.664489 9.225700
1146 48.673260 9.229633
1147 48.674084 9.229751
1148 48.673619 9.229330
1149 48.674226 9.228933
1150 48.674471 9.227585
1151 48.658679 9.284252
1152 48.658833 9.284196
1153 48.683562 9.257827
1154 48.682488 9.254661
1155 48.682854 9.256973
1156 48.682812 9.254683
1157 48.683106 9.256154
1158 48.683107 9.254715
1159 48.683647 9.255706
1160 48.684390 9.254989
1161 48.680762 9.232320
1162 48.676051 9.220060
1163 48.676076 9.219090
1164 48.676362 9.218338
1165 48.676820 9.219556
1166 48.675967 9.228991
1167 48.674320 9.220549
1168 48.673847 9.220776
1169 48.673605 9.222723
1170 48.675318 9.217433
1171 48.674670 9.217776
1172 48.675297 9.228310
1173 48.681052 9.221472
1174 48.680652 9.221315
1175 48.681381 9.221016
1176 48.681517 9.226181
1177 48.682147 9.222436
1178 48.682854 9.223372
1179 48.681034 9.221102
1180 48.680590 9.221016
1181 48.679529 9.219430
1182 48.681616 9.232863
1183 48.680839 9.232311
1184 48.679411 9.219095
1185 48.678439 9.217954
1186 48.680713 9.232092
1187 48.662822 9.224662
1188 48.662034 9.227315
1189 48.662073 9.226282
1190 48.665292 9.225717
1191 48.674871 9.228566
1192 48.658598 9.284397
1193 48.658827 9.284278
1194 48.683619 9.258116
1195 48.682091 9.254817
1196 48.682502 9.254810
1197 48.682710 9.256997
1198 48.682883 9.257244
1199 48.683046 9.256939
1200 48.683186 9.256917
1201 48.683137 9.254978
1202 48.683672 9.256102
1203 48.684644 9.255695
1204 48.675978 9.220094
1205 48.675954 9.219146
1206 48.676351 9.217863
1207 48.676813 9.219365
1208 48.676232 9.228892
1209 48.673810 9.220346
1210 48.673322 9.220990
1211 48.673582 9.222669
1212 48.675379 9.217406
1213 48.674612 9.217818
1214 48.674988 9.228495
1215 48.681938 9.220892
1216 48.681405 9.220254
1217 48.682272 9.227374
1218 48.682725 9.222492
1219 48.683853 9.223073
1220 48.680375 9.220278
1221 48.679891 9.219132
1222 48.681223 9.233031
1223 48.681698 9.233181
1224 48.679331 9.218711
1225 48.679296 9.219146
1226 48.678416 9.217813
1227 48.678364 9.217967
1228 48.662997 9.223948
1229 48.661856 9.227254
1230 48.661932 9.226471
1231 48.665579 9.225686
1232 48.658503 9.284547
1233 48.658794 9.284355
1234 48.683685 9.258356
1235 48.682364 9.254862
1236 48.682569 9.257020
1237 48.682731 9.257225
1238 48.683079 9.257261
1239 48.683223 9.257264
1240 48.683331 9.256893
1241 48.683694 9.256419
1242 48.684747 9.256088
1243 48.684691 9.255726
1244 48.675997 9.219417
1245 48.676332 9.217151
1246 48.676807 9.219153
1247 48.673801 9.219925
1248 48.673211 9.220560
1249 48.673460 9.221878
1250 48.675400 9.217564
1251 48.675608 9.217307
1252 48.674264 9.218069
1253 48.674673 9.218140
1254 48.682513 9.220754
1255 48.681521 9.219687
1256 48.682572 9.227882
1257 48.683715 9.222233
1258 48.680097 9.219092
1259 48.679990 9.219061
1260 48.678407 9.217760
1261 48.677846 9.218075
1262 48.663171 9.223535
1263 48.662735 9.224605
1264 48.661656 9.227121
1265 48.661753 9.226753
1266 48.666006 9.225577
1267 48.658414 9.284671
1268 48.658716 9.284458
1269 48.658874 9.284384
1270 48.683755 9.258500
1271 48.682589 9.257223
1272 48.683365 9.257230
1273 48.683715 9.256749
1274 48.684776 9.256413
1275 48.684721 9.255808
1276 48.675917 9.219445
1277 48.676326 9.216975
1278 48.676794 9.218748
1279 48.673797 9.218952
1280 48.673080 9.220223
1281 48.675493 9.218293
1282 48.675620 9.217486
1283 48.675853 9.217200
1284 48.674039 9.218261
1285 48.674243 9.217879
1286 48.674724 9.218630
1287 48.683497 9.220346
1288 48.682413 9.219842
1289 48.681636 9.218874
1290 48.681592 9.219714
1291 48.680075 9.219026
1292 48.679807 9.218347
1293 48.678356 9.217478
1294 48.677440 9.218146
1295 48.677825 9.217860
1296 48.663429 9.222791
1297 48.662409 9.225339
1298 48.661464 9.226923
1299 48.661624 9.226954
1300 48.666379 9.225433
1301 48.658308 9.284800
1302 48.658488 9.284652
1303 48.658630 9.284554
1304 48.658965 9.284403
1305 48.683987 9.258812
1306 48.683640 9.258631
1307 48.683737 9.257077
1308 48.684806 9.256737
1309 48.676623 9.216794
1310 48.676341 9.216615
1311 48.676042 9.217099
1312 48.676785 9.218498
1313 48.673774 9.218762
1314 48.672886 9.219746
1315 48.675676 9.218158
1316 48.673719 9.218641
1317 48.674296 9.217157
1318 48.674609 9.218656
1319 48.684448 9.220037
1320 48.683355 9.219086
1321 48.682357 9.219332
1322 48.682665 9.219765
1323 48.681266 9.218741
1324 48.681748 9.218897
1325 48.681789 9.219709
1326 48.680475 9.218845
1327 48.679695 9.218119
1328 48.680336 9.218118
1329 48.678241 9.216834
1330 48.677341 9.216433
1331 48.677516 9.218662
1332 48.677042 9.218217
1333 48.677713 9.217884
1334 48.677957 9.217827
1335 48.663647 9.222112
1336 48.662149 9.225862
1337 48.661317 9.226717
1338 48.661422 9.227154
1339 48.666660 9.225309
1340 48.658216 9.284900
1341 48.658558 9.284615
1342 48.659062 9.284416
1343 48.684343 9.259138
1344 48.683576 9.258755
1345 48.683754 9.257340
1346 48.684835 9.257056
1347 48.676763 9.216729
1348 48.676345 9.216298
1349 48.675958 9.216977
1350 48.676780 9.218369
1351 48.672996 9.219596
1352 48.672739 9.219978
1353 48.672630 9.219250
1354 48.675727 9.218755
1355 48.673621 9.218418
1356 48.673268 9.219200
1357 48.674314 9.216965
1358 48.684387 9.219546
1359 48.683321 9.218811
1360 48.683020 9.219138
1361 48.682311 9.218924
1362 48.682706 9.219264
1363 48.682681 9.219695
1364 48.680918 9.218723
1365 48.681273 9.218123
1366 48.681912 9.218926
1367 48.681890 9.219555
1368 48.680386 9.218522
1369 48.679703 9.217512
1370 48.680297 9.217521
1371 48.678195 9.216530
1372 48.677920 9.216958
1373 48.677097 9.216559
1374 48.677515 9.216381
1375 48.677269 9.215884
1376 48.677546 9.218844
1377 48.678021 9.218489
1378 48.676776 9.218264
1379 48.663806 9.221517
1380 48.661938 9.226261
1381 48.661123 9.226357
1382 48.661363 9.227253
1383 48.661694 9.226702
1384 48.667065 9.225113
1385 48.658149 9.284976
1386 48.659217 9.284412
1387 48.684656 9.259490
1388 48.683540 9.258899
1389 48.683789 9.257388
1390 48.684860 9.257328
1391 48.676813 9.216700
1392 48.676462 9.214250
1393 48.676263 9.216228
1394 48.675887 9.216740
1395 48.672455 9.220266
1396 48.672448 9.218802
1397 48.675747 9.218965
1398 48.673605 9.218289
1399 48.674347 9.216597
1400 48.674561 9.216964
1401 48.684285 9.218686
1402 48.683944 9.218733
1403 48.682953 9.218865
1404 48.682992 9.219122
1405 48.682445 9.218915
1406 48.682727 9.219238
1407 48.682670 9.219622
1408 48.681300 9.217090
1409 48.681892 9.219469
1410 48.679764 9.216861
1411 48.680249 9.216894
1412 48.678182 9.216384
1413 48.677846 9.216987
1414 48.677882 9.216737
1415 48.677872 9.216260
1416 48.677124 9.215585
1417 48.677662 9.219532
1418 48.677876 9.218747
1419 48.678039 9.218610
1420 48.663985 9.220797
1421 48.660992 9.225877
1422 48.660988 9.226100
1423 48.660976 9.227860
1424 48.667358 9.224887
1425 48.658083 9.285066
1426 48.659344 9.284399
1427 48.685011 9.260049
1428 48.683534 9.259163
1429 48.684799 9.257394
1430 48.684836 9.257372
1431 48.676779 9.216428
1432 48.676743 9.210348
1433 48.676390 9.214242
1434 48.675855 9.216661
1435 48.671805 9.220779
1436 48.672398 9.218615
1437 48.673661 9.217907
1438 48.674404 9.215963
1439 48.684581 9.218647
1440 48.683878 9.217220
1441 48.682890 9.218872
1442 48.682975 9.219065
1443 48.682538 9.217572
1444 48.682720 9.218888
1445 48.682731 9.219202
1446 48.682763 9.219597
1447 48.681358 9.216118
1448 48.681640 9.219468
1449 48.679305 9.216713
1450 48.680239 9.216613
1451 48.678168 9.216321
1452 48.677805 9.216766
1453 48.677861 9.216046
1454 48.678060 9.216197
1455 48.677081 9.215214
1456 48.677673 9.219615
1457 48.677887 9.218829
1458 48.664198 9.219865
1459 48.660983 9.225770
1460 48.660958 9.226042
1461 48.660474 9.228576
1462 48.667570 9.224700
1463 48.658027 9.285173
1464 48.659478 9.284383
1465 48.685249 9.260567
1466 48.683556 9.259743
1467 48.676769 9.216059
1468 48.676921 9.210288
1469 48.676681 9.210353
1470 48.676780 9.209849
1471 48.675821 9.214228
1472 48.675113 9.216451
1473 48.675893 9.216588
1474 48.671192 9.221194
1475 48.672378 9.218410
1476 48.673794 9.217152
1477 48.674723 9.216257
1478 48.674096 9.215404
1479 48.685394 9.218542
1480 48.683782 9.216277
1481 48.682737 9.217593
1482 48.682573 9.217146
1483 48.681395 9.215088
1484 48.681664 9.219137
1485 48.679328 9.217285
1486 48.679261 9.216621
1487 48.679069 9.216652
1488 48.680043 9.216557
1489 48.680186 9.215864
1490 48.678127 9.216228
1491 48.677895 9.215986
1492 48.676886 9.215155
1493 48.677352 9.219765
1494 48.677832 9.219544
1495 48.664352 9.219074
1496 48.660998 9.225615
1497 48.660836 9.225756
1498 48.660857 9.225974
1499 48.659815 9.229377
1500 48.667825 9.224433
1501 48.657974 9.285335
1502 48.659369 9.284941
1503 48.685520 9.261150
1504 48.683591 9.260322
1505 48.676762 9.215677
1506 48.677252 9.210379
1507 48.676531 9.210362
1508 48.676846 9.208982
1509 48.675928 9.216378
1510 48.675796 9.213661
1511 48.670651 9.221536
1512 48.672390 9.218184
1513 48.673882 9.216588
1514 48.674687 9.215659
1515 48.673920 9.215137
1516 48.673980 9.215720
1517 48.685610 9.218494
1518 48.685400 9.218613
1519 48.683686 9.215464
1520 48.683313 9.217572
1521 48.682597 9.216863
1522 48.682962 9.217095
1523 48.681362 9.214196
1524 48.681940 9.219143
1525 48.679192 9.216280
1526 48.678645 9.216705
1527 48.679967 9.216543
1528 48.680112 9.215071
1529 48.678320 9.216120
1530 48.677974 9.215947
1531 48.676829 9.215132
1532 48.664509 9.218144
1533 48.661015 9.225531
1534 48.660836 9.225747
1535 48.660779 9.225952
1536 48.659352 9.229854
1537 48.668047 9.224127
1538 48.657919 9.285563
1539 48.659263 9.285449
1540 48.685871 9.261788
1541 48.683709 9.261440
1542 48.676811 9.215257
1543 48.677426 9.210501
1544 48.677160 9.211327
1545 48.676358 9.210368
1546 48.676949 9.207957
1547 48.675188 9.213632
1548 48.675768 9.212018
1549 48.670050 9.221932
1550 48.672459 9.217972
1551 48.672331 9.218156
1552 48.674651 9.215054
1553 48.673507 9.214703
1554 48.685785 9.218430
1555 48.685472 9.219014
1556 48.683568 9.214656
1557 48.683159 9.215661
1558 48.683267 9.216708
1559 48.683370 9.218120
1560 48.682705 9.215575
1561 48.682324 9.216869
1562 48.681359 9.213685
1563 48.681695 9.214227
1564 48.679109 9.215867
1565 48.678562 9.216658
1566 48.680078 9.214357
1567 48.678353 9.216046
1568 48.678369 9.216246
1569 48.678005 9.215721
1570 48.676866 9.214874
1571 48.664645 9.217193
1572 48.661312 9.225093
1573 48.660778 9.225636
1574 48.660743 9.225853
1575 48.660756 9.225954
1576 48.658827 9.230365
1577 48.668160 9.223974
1578 48.657871 9.285809
1579 48.659053 9.286464
1580 48.686116 9.262118
1581 48.683840 9.262662
1582 48.677522 9.210684
1583 48.677104 9.212067
1584 48.676227 9.210327
1585 48.677211 9.204912
1586 48.676848 9.207949
1587 48.674562 9.213571
1588 48.675121 9.211710
1589 48.675510 9.211986
1590 48.675740 9.210325
1591 48.669663 9.222245
1592 48.672687 9.217251
1593 48.672147 9.218019
1594 48.674790 9.215059
1595 48.673557 9.214547
1596 48.673377 9.214590
1597 48.673294 9.215396
1598 48.685875 9.218337
1599 48.685733 9.218246
1600 48.685475 9.219372
1601 48.683363 9.213703
1602 48.682784 9.214651
1603 48.682182 9.216872
1604 48.682270 9.216987
1605 48.680059 9.213758
1606 48.681309 9.212362
1607 48.681387 9.213757
1608 48.681689 9.214484
1609 48.679073 9.215366
1610 48.678385 9.216288
1611 48.678336 9.215663
1612 48.678003 9.215638
1613 48.676942 9.214197
1614 48.664746 9.216280
1615 48.661487 9.224905
1616 48.660688 9.225734
1617 48.660594 9.225125
1618 48.660890 9.225487
1619 48.660649 9.225953
1620 48.660328 9.226329
1621 48.658079 9.231001
1622 48.668509 9.223502
1623 48.657845 9.285968
1624 48.658925 9.286425
1625 48.659117 9.286481
1626 48.686413 9.262433
1627 48.683923 9.263437
1628 48.677615 9.210943
1629 48.677052 9.212774
1630 48.675751 9.210223
1631 48.676215 9.209844
1632 48.677096 9.204900
1633 48.677417 9.201902
1634 48.676964 9.206460
1635 48.676794 9.208649
1636 48.673817 9.213657
1637 48.674524 9.212161
1638 48.675069 9.210196
1639 48.675377 9.211721
1640 48.675516 9.211749
1641 48.669083 9.222940
1642 48.672803 9.216913
1643 48.672080 9.217883
1644 48.673678 9.214239
1645 48.672982 9.214363
1646 48.673199 9.215706
1647 48.686129 9.217940
1648 48.685648 9.217350
1649 48.685500 9.219610
1650 48.685321 9.219412
1651 48.682879 9.213789
1652 48.682507 9.214653
1653 48.682216 9.217044
1654 48.679992 9.212930
1655 48.679942 9.213756
1656 48.680555 9.212436
1657 48.681300 9.211241
1658 48.682644 9.213777
1659 48.679046 9.215075
1660 48.678338 9.215353
1661 48.677973 9.215503
1662 48.676984 9.213591
1663 48.664810 9.215661
1664 48.661570 9.224851
1665 48.660614 9.225826
1666 48.660520 9.224834
1667 48.660652 9.225559
1668 48.661285 9.225032
1669 48.660457 9.226162
1670 48.660203 9.226473
1671 48.657462 9.231442
1672 48.668753 9.223232
1673 48.657917 9.285990
1674 48.657600 9.285908
1675 48.658804 9.286378
1676 48.659198 9.286497
1677 48.686544 9.262556
1678 48.683853 9.263448
1679 48.684013 9.264303
1680 48.677688 9.211242
1681 48.677021 9.213175
1682 48.677339 9.212851
1683 48.675325 9.210197
1684 48.675843 9.209289
1685 48.676226 9.209082
1686 48.676501 9.204783
1687 48.677139 9.204118
1688 48.677495 9.200860
1689 48.676767 9.209067
1690 48.673833 9.213469
1691 48.673798 9.213764
1692 48.674452 9.210255
1693 48.673793 9.212103
1694 48.675085 9.209156
1695 48.675383 9.211516
1696 48.672961 9.217015
1697 48.673060 9.216143
1698 48.672740 9.216874
1699 48.671904 9.217460
1700 48.672021 9.218003
1701 48.673763 9.213966
1702 48.672859 9.214300
1703 48.673143 9.215888
1704 48.673553 9.215712
1705 48.686310 9.217645
1706 48.685593 9.216959
1707 48.685502 9.217360
1708 48.685160 9.219454
1709 48.685397 9.220105
1710 48.682488 9.214812
1711 48.682121 9.217050
1712 48.679772 9.213035
1713 48.679957 9.212497
1714 48.679454 9.214066
1715 48.679904 9.213622
1716 48.679955 9.212462
1717 48.680545 9.211556
1718 48.681327 9.210977
1719 48.682598 9.214202
1720 48.678980 9.214834
1721 48.678501 9.214924
1722 48.678101 9.214214
1723 48.677809 9.215504
1724 48.664868 9.214991
1725 48.661663 9.224808
1726 48.660429 9.226092
1727 48.660640 9.225689
1728 48.660474 9.224574
1729 48.661463 9.224847
1730 48.660103 9.226716
1731 48.660297 9.226274
1732 48.656885 9.231793
1733 48.658102 9.286066
1734 48.657365 9.285858
1735 48.658677 9.286321
1736 48.659160 9.287138
1737 48.659343 9.286509
1738 48.686798 9.262770
1739 48.683800 9.263442
1740 48.684056 9.264713
1741 48.677798 9.211814
1742 48.677879 9.211152
1743 48.677348 9.213244
1744 48.676302 9.204705
1745 48.677215 9.203080
1746 48.677564 9.199902
1747 48.676714 9.209869
1748 48.676679 9.209126
1749 48.673711 9.213743
1750 48.674252 9.209962
1751 48.674467 9.209063
1752 48.673792 9.211797
1753 48.675191 9.208509
1754 48.673066 9.217118
1755 48.673534 9.216153
1756 48.672643 9.216815
1757 48.671798 9.217263
1758 48.671952 9.218155
1759 48.673886 9.214054
1760 48.672500 9.214152
1761 48.673074 9.215864
1762 48.686214 9.217511
1763 48.686463 9.217831
1764 48.685499 9.216359
1765 48.685444 9.216992
1766 48.685432 9.217372
1767 48.685052 9.219483
1768 48.685238 9.220138
1769 48.681941 9.217038
1770 48.679725 9.213036
1771 48.679804 9.212500
1772 48.679274 9.214038
1773 48.679892 9.213481
1774 48.679910 9.211504
1775 48.680546 9.210726
1776 48.681353 9.210471
1777 48.682460 9.214200
1778 48.678873 9.214580
1779 48.678617 9.214754
1780 48.678076 9.214026
1781 48.664917 9.214321
1782 48.661760 9.224818
1783 48.660470 9.224303
1784 48.661655 9.224707
1785 48.660048 9.226965
1786 48.656323 9.232098
1787 48.658304 9.286156
1788 48.656966 9.285778
1789 48.658494 9.286241
1790 48.658669 9.286408
1791 48.659125 9.287759
1792 48.659495 9.286516
1793 48.687123 9.262967
1794 48.683753 9.263478
1795 48.684251 9.266452
1796 48.677805 9.211900
1797 48.677890 9.211063
1798 48.677553 9.213206
1799 48.676161 9.204592
1800 48.677302 9.201970
1801 48.677551 9.199646
1802 48.677599 9.199657
1803 48.676694 9.210170
1804 48.676631 9.209754
1805 48.673644 9.213702
1806 48.673938 9.209442
1807 48.674599 9.208137
1808 48.673836 9.210396
1809 48.675205 9.208415
1810 48.673076 9.217365
1811 48.673093 9.217009
1812 48.672611 9.216934
1813 48.671755 9.217227
1814 48.671883 9.218206
1815 48.673938 9.214493
1816 48.671901 9.213962
1817 48.672501 9.213981
1818 48.672797 9.215666
1819 48.686122 9.217359
1820 48.686628 9.217994
1821 48.685467 9.216209
1822 48.685450 9.216376
1823 48.685186 9.217051
1824 48.685427 9.216829
1825 48.685311 9.217391
1826 48.685551 9.218304
1827 48.684994 9.219519
1828 48.681944 9.216791
1829 48.679629 9.213038
1830 48.679706 9.213223
1831 48.679761 9.212451
1832 48.679109 9.214067
1833 48.679274 9.213737
1834 48.679851 9.213388
1835 48.679895 9.210662
1836 48.679203 9.211536
1837 48.680670 9.209790
1838 48.681334 9.210121
1839 48.678779 9.214432
1840 48.678721 9.214595
1841 48.678047 9.213813
1842 48.664986 9.213311
1843 48.661855 9.224849
1844 48.660481 9.223947
1845 48.661844 9.224616
1846 48.659926 9.227454
1847 48.655714 9.232367
1848 48.656857 9.285752
1849 48.658662 9.286520
1850 48.658636 9.287686
1851 48.659457 9.287799
1852 48.659759 9.286526
1853 48.687426 9.263093
1854 48.683717 9.263544
1855 48.684306 9.266919
1856 48.678013 9.211867
1857 48.677876 9.212501
1858 48.678003 9.209965
1859 48.677947 9.213081
1860 48.675775 9.204186
1861 48.677371 9.200833
1862 48.677569 9.199288
1863 48.677621 9.199293
1864 48.673605 9.213653
1865 48.673748 9.209095
1866 48.674220 9.207944
1867 48.673875 9.209828
1868 48.672564 9.210323
1869 48.675423 9.207250
1870 48.675000 9.208345
1871 48.673047 9.217570
1872 48.673442 9.216999
1873 48.672564 9.217021
1874 48.671473 9.217096
1875 48.674009 9.215047
1876 48.671362 9.213760
1877 48.672487 9.213610
1878 48.672576 9.215574
1879 48.686032 9.217178
1880 48.686805 9.218127
1881 48.685421 9.215923
1882 48.685383 9.216388
1883 48.685185 9.216885
1884 48.685404 9.216600
1885 48.684983 9.217481
1886 48.684949 9.219548
1887 48.685019 9.219815
1888 48.679493 9.212962
1889 48.679678 9.213267
1890 48.679736 9.212175
1891 48.678917 9.214213
1892 48.679229 9.213260
1893 48.679398 9.213634
1894 48.679778 9.213322
1895 48.679914 9.209687
1896 48.678776 9.211577
1897 48.679187 9.210435
1898 48.680289 9.209704
1899 48.680966 9.209945
1900 48.681318 9.209197
1901 48.678713 9.214291
1902 48.677932 9.213852
1903 48.665076 9.211848
1904 48.661948 9.224945
1905 48.660497 9.223578
1906 48.662098 9.224534
1907 48.659800 9.227837
1908 48.655073 9.232599
1909 48.656683 9.285718
1910 48.656857 9.285816
1911 48.658645 9.287015
1912 48.658623 9.288126
1913 48.658439 9.287596
1914 48.659718 9.287838
1915 48.660135 9.286514
1916 48.687744 9.263187
1917 48.683705 9.263631
1918 48.684328 9.267356
1919 48.678334 9.211768
1920 48.677918 9.212856
1921 48.677658 9.212564
1922 48.678090 9.209119
1923 48.676145 9.203400
1924 48.675624 9.203978
1925 48.676855 9.200742
1926 48.677461 9.199742
1927 48.677594 9.198847
1928 48.677656 9.198853
1929 48.673592 9.213577
1930 48.673575 9.208731
1931 48.674582 9.206727
1932 48.672453 9.210349
1933 48.675644 9.206165
1934 48.674992 9.207031
1935 48.674925 9.208371
1936 48.672931 9.217858
1937 48.672533 9.217079
1938 48.671133 9.217014
1939 48.670869 9.213390
1940 48.672479 9.213478
1941 48.672542 9.213632
1942 48.671922 9.215606
1943 48.672570 9.215131
1944 48.685974 9.217035
1945 48.686896 9.218190
1946 48.685355 9.215656
1947 48.685142 9.216434
1948 48.685158 9.216652
1949 48.685068 9.218367
1950 48.679345 9.212819
1951 48.679631 9.213281
1952 48.679263 9.213064
1953 48.679408 9.213568
1954 48.680135 9.209685
1955 48.679914 9.209647
1956 48.678313 9.211604
1957 48.679199 9.209909
1958 48.681218 9.209045
1959 48.678695 9.214139
1960 48.677539 9.213929
1961 48.665151 9.210425
1962 48.662020 9.225068
1963 48.660507 9.223300
1964 48.662267 9.224455
1965 48.659543 9.228238
1966 48.654319 9.232800
1967 48.656492 9.285677
1968 48.656861 9.285882
1969 48.658608 9.288748
1970 48.658227 9.287493
1971 48.660021 9.287886
1972 48.660275 9.286508
1973 48.688325 9.263292
1974 48.683743 9.263710
1975 48.684303 9.267936
1976 48.684587 9.267352
1977 48.678341 9.211820
1978 48.678283 9.212761
1979 48.677655 9.212615
1980 48.678190 9.208570
1981 48.676272 9.203064
1982 48.675543 9.203868
1983 48.675719 9.203889
1984 48.676589 9.200702
1985 48.676932 9.200343
1986 48.676731 9.201374
1987 48.677500 9.198912
1988 48.677630 9.198346
1989 48.677719 9.198363
1990 48.673579 9.213196
1991 48.673290 9.207838
1992 48.674938 9.205820
1993 48.672392 9.210593
1994 48.675810 9.205603
1995 48.672897 9.218078
1996 48.672481 9.217148
1997 48.672584 9.217175
1998 48.670428 9.216784
1999 48.670562 9.213149
0 1
0 2
1 3
2 4
3 5
4 6
4 7
5 8
6 9
7 10
8 11
9 12
10 13
11 14
13 15
14 16
15 17
16 18
17 19
17 20
18 21
19 22
20 23
20 24
21 25
22 26
22 27
23 28
23 29
25 30
26 31
26 32
27 33
28 34
28 35
29 36
29 37
30 38
32 39
32 40
33 41
34 42
34 43
34 44
36 45
36 46
37 47
38 48
39 49
39 50
39 51
41 52
42 53
43 54
43 55
44 56
45 57
45 58
47 59
48 60
49 61
49 62
51 63
52 64
53 65
55 66
55 67
56 68
58 59
60 69
61 70
61 71
61 72
62 73
63 74
63 75
64 74
64 76
65 77
66 78
66 79
68 80
69 81
70 82
70 83
70 84
71 85
71 86
71 87
72 88
72 89
73 90
75 91
76 92
77 93
77 94
79 95
79 96
80 97
81 98
82 99
82 100
82 101
83 102
83 103
84 104
85 104
85 105
86 106
87 107
87 108
90 109
91 110
91 111
92 112
93 113
95 114
95 115
97 116
98 117
99 118
99 119
100 120
100 121
101 122
101 123
102 124
104 125
104 126
105 127
107 128
107 129
109 129
110 130
111 131
112 132
112 133
113 134
113 135
114 136
117 137
118 138
118 139
119 140
119 141
120 142
121 143
122 140
122 144
122 145
123 146
124 142
125 144
126 147
127 148
128 149
128 150
128 151
129 152
131 153
132 154
132 155
133 156
134 157
134 158
135 159
136 160
137 161
138 162
138 163
139 164
140 165
142 166
143 167
145 168
145 169
147 170
147 171
149 172
150 173
151 174
152 175
154 176
155 177
157 178
159 179
160 180
161 181
162 182
162 183
163 184
163 185
164 186
165 187
167 188
168 189
168 190
170 191
170 192
171 193
172 194
172 195
172 196
173 197
174 198
175 199
176 200
177 201
178 202
179 196
179 203
179 204
179 205
180 206
181 207
183 208
184 209
184 210
186 211
186 188
187 212
187 213
189 214
190 215
191 216
191 217
192 218
193 219
194 220
195 221
196 222
197 223
197 224
198 201
199 225
200 226
202 227
202 228
203 229
204 230
204 231
205 232
205 233
206 234
206 235
206 236
207 237
208 238
208 239
210 240
210 241
211 242
211 243
212 244
212 245
212 214
213 246
215 247
215 248
216 249
216 250
217 249
218 251
219 252
219 247
220 253
221 254
222 255
223 250
224 251
226 228
227 256
229 256
231 234
232 254
232 257
233 258
233 259
235 260
236 261
237 262
237 263
238 264
238 265
239 266
241 246
241 267
244 268
245 269
246 270
248 271
251 272
251 273
252 274
252 275
253 276
257 277
258 278
259 279
259 280
260 281
260 278
262 282
263 283
263 284
264 285
265 286
265 287
268 288
268 289
269 290
269 270
269 291
270 292
272 293
272 294
273 274
274 295
275 296
276 297
277 298
277 299
279 300
280 301
280 302
281 303
281 304
282 305
284 306
285 291
285 307
286 308
287 309
287 310
288 311
289 312
290 313
290 314
290 315
293 316
293 317
295 318
296 319
297 320
298 321
299 322
300 323
301 324
302 325
303 326
304 327
305 328
306 329
306 330
307 331
308 332
309 333
309 334
310 335
311 336
312 315
313 337
314 338
316 339
317 340
318 341
319 341
319 342
320 343
321 323
322 344
324 345
326 346
327 347
328 348
329 349
330 350
331 351
333 352
333 353
334 354
335 355
336 356
337 357
337 358
338 359
339 360
339 361
340 362
341 363
342 364
343 365
344 366
345 346
345 367
345 368
346 369
347 370
348 371
349 372
350 373
351 374
352 375
353 376
354 377
354 378
355 379
356 380
356 381
356 382
357 383
357 384
359 385
360 366
360 386
360 387
361 387
361 388
362 389
363 390
364 391
365 392
366 393
367 394
367 395
367 396
368 397
368 398
370 399
370 400
371 401
372 402
372 403
373 404
374 384
375 405
376 406
377 407
378 408
380 390
381 409
382 410
383 411
383 412
385 413
386 395
386 414
387 415
388 416
389 417
391 418
391 419
392 420
394 421
395 422
396 423
396 424
397 425
398 426
399 427
399 428
400 429
400 428
401 430
402 431
403 432
403 433
404 434
405 435
406 436
407 437
408 438
409 439
410 440
411 441
412 435
413 442
414 443
415 444
415 445
415 446
416 447
421 448
421 425
422 449
422 450
423 451
423 452
424 453
425 454
426 455
426 456
427 457
427 458
429 459
430 460
431 432
433 461
434 462
434 463
435 464
436 465
436 466
437 467
438 468
439 469
440 470
440 471
441 472
442 473
442 474
444 475
445 476
446 477
448 478
448 479
450 452
451 480
451 481
452 482
453 478
453 483
454 458
454 484
455 485
457 486
457 487
459 488
460 489
461 490
461 491
462 492
462 493
463 494
464 495
464 496
464 497
465 498
466 499
467 500
467 501
468 502
469 503
470 504
471 505
472 506
473 507
474 508
475 509
476 510
476 511
477 503
477 512
479 513
480 514
480 515
482 516
483 517
484 518
486 519
487 520
488 521
489 522
490 523
490 524
491 525
492 526
493 527
494 528
494 529
495 530
495 531
495 532
496 533
497 499
498 531
498 534
500 534
500 535
501 536
501 537
502 538
504 539
504 540
505 541
506 542
507 543
508 541
509 544
509 545
510 546
511 547
513 548
514 549
515 550
517 551
519 552
519 553
520 554
521 555
522 556
523 557
524 558
525 528
525 559
526 560
527 561
528 561
528 562
529 563
530 564
531 565
534 566
535 567
536 568
537 569
538 570
543 571
543 572
544 573
545 573
546 574
547 549
548 575
550 576
551 577
552 578
553 579
553 580
554 581
555 582
555 583
556 584
557 585
558 586
559 587
560 588
561 586
562 589
562 590
563 591
564 592
565 592
566 593
567 594
568 595
568 596
570 597
571 598
572 599
575 600
575 601
576 602
577 603
578 604
579 605
580 606
581 607
582 608
582 609
583 610
584 611
585 612
587 613
588 612
589 591
590 613
593 614
593 615
594 616
594 617
595 597
596 618
597 617
598 619
599 620
600 621
601 606
602 622
603 623
604 624
605 625
607 621
608 626
608 627
609 628
609 629
610 630
610 631
611 632
614 633
614 634
615 635
619 636
620 637
622 638
623 638
624 639
625 640
627 641
628 642
628 643
629 644
630 645
631 646
632 647
633 648
634 649
635 650
636 651
637 652
638 653
638 654
639 655
639 656
640 657
641 642
641 658
642 659
643 660
645 661
647 662
648 663
648 664
649 665
650 666
651 667
652 667
652 668
653 669
654 670
655 671
656 672
659 673
660 674
662 675
663 676
664 677
666 678
668 679
669 680
670 681
671 682
671 683
672 684
673 685
673 686
675 687
676 688
677 689
677 690
678 691
679 692
680 693
680 694
681 695
683 696
685 696
687 697
688 698
689 699
690 700
691 701
692 702
692 703
693 704
694 705
695 706
697 707
698 708
698 709
699 710
700 711
701 712
702 713
703 714
703 715
704 716
705 717
705 718
706 719
706 720
707 721
708 722
709 723
710 724
711 725
712 726
713 727
713 728
714 729
716 730
717 731
719 732
720 733
721 734
722 735
724 736
724 737
725 738
725 739
727 740
727 741
728 742
730 743
732 744
732 745
733 746
734 747
735 748
736 749
737 750
738 751
739 752
740 753
741 754
741 753
742 755
742 756
743 757
745 758
746 759
747 760
748 761
748 762
749 763
750 764
751 765
752 763
754 766
755 767
756 768
757 769
758 770
759 771
759 772
760 773
761 774
761 775
762 776
762 777
764 778
765 779
766 780
767 781
768 782
768 783
769 784
770 785
771 786
771 787
773 788
774 789
775 790
776 791
777 792
778 793
779 794
781 795
781 796
782 797
783 798
784 799
786 800
787 801
787 802
788 803
789 792
790 804
791 805
792 806
793 807
794 808
795 809
796 810
797 811
798 812
799 813
800 814
800 815
801 816
802 817
803 818
804 819
805 820
805 821
806 821
807 822
808 823
809 824
809 825
810 826
810 827
811 828
811 829
812 830
812 831
812 832
812 833
813 834
813 835
816 836
817 837
818 838
819 839
820 839
822 840
823 841
824 842
824 843
825 842
826 844
827 845
828 846
829 847
830 848
831 849
832 850
833 851
834 852
835 853
836 854
836 855
837 856
838 857
840 858
841 859
842 860
842 861
843 862
844 863
845 863
845 864
847 851
847 865
848 866
848 867
849 868
849 869
850 870
851 871
852 872
852 873
852 874
853 875
853 873
854 876
854 877
856 878
857 879
858 880
859 881
860 882
862 883
862 884
863 885
863 886
864 887
864 888
865 889
866 890
867 891
867 890
868 892
869 893
869 894
870 895
871 896
872 897
872 898
873 899
873 900
874 901
875 899
877 902
877 903
879 904
880 905
881 906
882 907
882 884
883 908
883 909
885 910
885 911
886 912
887 913
888 914
888 915
888 911
889 916
891 917
891 918
891 919
892 920
893 921
895 922
896 923
897 924
898 925
899 926
900 927
901 925
901 928
903 929
904 930
905 931
906 932
907 913
907 933
908 934
908 935
909 936
910 937
910 938
912 939
913 940
913 941
914 942
915 943
915 944
915 945
916 946
917 947
917 948
918 949
919 950
919 951
920 952
921 953
922 954
922 955
922 956
923 957
923 958
924 959
926 960
927 961
928 962
929 963
929 964
930 965
931 966
931 967
931 968
932 969
933 970
933 971
934 972
935 973
935 974
935 975
936 976
936 977
936 978
937 979
938 980
938 981
940 942
940 982
940 983
941 984
941 985
943 980
944 983
945 986
945 987
946 988
947 989
948 990
949 991
950 992
951 993
952 994
953 977
954 995
954 996
955 997
956 998
957 999
958 1000
959 1001
960 1002
961 1003
962 1004
963 1005
963 1006
964 1007
965 1008
966 1009
967 1010
968 1011
968 1012
969 1013
970 1014
971 1014
972 1015
972 1016
973 1017
973 1018
974 1017
975 1018
975 1019
976 1020
978 997
978 1021
979 1022
981 1023
981 1024
982 985
983 1025
983 1026
984 1027
985 1028
985 1026
986 1029
987 1030
989 1031
990 1032
990 1033
990 1034
991 1035
991 998
992 1036
993 1037
993 1038
994 997
995 1039
996 1040
998 1041
999 1042
999 1043
1001 1044
1002 1045
1003 1046
1004 1047
1005 1048
1006 1049
1006 1050
1006 1051
1007 1052
1008 1053
1009 1054
1010 1055
1010 1056
1011 1057
1011 1058
1011 1059
1012 1060
1012 1058
1013 1061
1015 1062
1015 1063
1016 1064
1018 1065
1019 1065
1020 1066
1021 1067
1021 1068
1023 1069
1024 1029
1025 1030
1025 1070
1026 1071
1026 1072
1027 1073
1027 1074
1027 1075
1028 1076
1029 1077
1031 1078
1032 1079
1032 1080
1033 1081
1034 1080
1034 1082
1035 1083
1035 1078
1035 1084
1036 1085
1037 1086
1037 1087
1038 1088
1038 1089
1038 1042
1039 1090
1040 1091
1041 1092
1043 1093
1044 1094
1045 1095
1046 1096
1047 1097
1048 1098
1050 1099
1050 1100
1051 1052
1053 1101
1053 1102
1054 1103
1055 1104
1056 1105
1056 1106
1057 1107
1057 1108
1058 1109
1059 1110
1059 1108
1061 1111
1062 1112
1063 1113
1063 1114
1064 1115
1066 1116
1066 1117
1069 1118
1070 1072
1071 1119
1072 1120
1072 1121
1073 1122
1074 1123
1074 1112
1075 1124
1076 1125
1077 1126
1079 1127
1080 1128
1081 1129
1082 1130
1082 1131
1083 1132
1084 1133
1085 1134
1087 1135
1087 1136
1088 1134
1090 1137
1091 1138
1092 1139
1092 1140
1093 1141
1094 1142
1095 1143
1096 1144
1097 1145
1098 1146
1099 1147
1099 1148
1099 1149
1100 1150
1101 1151
1102 1152
1103 1153
1104 1154
1104 1155
1105 1156
1105 1157
1106 1158
1107 1159
1107 1160
1108 1160
1109 1110
1111 1161
1112 1162
1113 1163
1114 1164
1115 1116
1117 1165
1118 1166
1119 1167
1120 1168
1121 1169
1122 1170
1122 1171
1124 1125
1124 1167
1126 1172
1127 1173
1127 1174
1128 1175
1129 1176
1130 1177
1131 1178
1132 1179
1132 1180
1132 1174
1133 1181
1135 1182
1135 1183
1137 1184
1137 1181
1138 1185
1141 1186
1142 1187
1143 1188
1144 1189
1145 1190
1146 1148
1149 1191
1150 1191
1151 1192
1152 1193
1153 1194
1154 1195
1154 1196
1155 1197
1155 1198
1155 1199
1156 1199
1157 1200
1158 1201
1159 1202
1159 1203
1161 1186
1161 1183
1162 1204
1163 1205
1164 1206
1165 1207
1166 1208
1167 1168
1168 1209
1168 1210
1169 1211
1170 1212
1171 1213
1172 1214
1173 1179
1175 1215
1175 1216
1175 1179
1176 1217
1177 1215
1178 1218
1178 1219
1180 1220
1181 1221
1182 1222
1182 1223
1184 1224
1184 1225
1185 1226
1185 1227
1187 1228
1188 1229
1189 1230
1190 1231
1191 1214
1192 1232
1193 1233
1194 1234
1196 1235
1196 1197
1197 1236
1197 1237
1199 1238
1199 1200
1200 1239
1200 1240
1201 1240
1202 1241
1202 1242
1203 1243
1205 1244
1206 1245
1207 1246
1209 1247
1210 1248
1210 1249
1211 1249
1212 1250
1212 1251
1213 1252
1213 1253
1215 1254
1216 1255
1217 1256
1218 1254
1218 1257
1219 1257
1220 1258
1221 1259
1226 1260
1227 1261
1228 1262
1228 1263
1229 1264
1230 1265
1231 1266
1232 1267
1233 1268
1233 1269
1234 1270
1235 1236
1236 1271
1240 1272
1241 1273
1241 1274
1242 1275
1242 1274
1243 1275
1244 1276
1245 1277
1246 1278
1247 1279
1248 1280
1250 1281
1251 1282
1251 1283
1252 1284
1252 1285
1253 1286
1254 1287
1254 1288
1255 1289
1255 1290
1257 1287
1258 1291
1259 1291
1259 1292
1260 1293
1261 1294
1261 1295
1262 1296
1263 1297
1264 1298
1265 1299
1266 1300
1267 1301
1267 1302
1268 1303
1269 1304
1270 1305
1270 1306
1273 1307
1273 1308
1274 1308
1277 1309
1277 1310
1277 1311
1278 1312
1279 1313
1280 1314
1282 1315
1283 1311
1284 1316
1285 1317
1286 1318
1287 1319
1287 1320
1288 1321
1288 1322
1289 1323
1289 1324
1290 1325
1291 1326
1292 1327
1292 1328
1293 1329
1294 1330
1294 1331
1294 1332
1295 1333
1295 1334
1296 1335
1297 1336
1298 1337
1299 1338
1300 1339
1301 1340
1302 1341
1303 1341
1304 1342
1305 1343
1306 1344
1307 1345
1307 1346
1308 1346
1309 1347
1310 1348
1311 1349
1312 1350
1313 1316
1314 1351
1314 1352
1314 1353
1315 1354
1316 1355
1316 1356
1317 1357
1319 1358
1320 1359
1320 1360
1321 1361
1321 1362
1322 1363
1323 1364
1323 1365
1324 1366
1325 1367
1326 1364
1326 1368
1327 1369
1328 1370
1328 1368
1329 1371
1329 1372
1330 1373
1330 1374
1330 1375
1331 1376
1331 1377
1332 1378
1335 1379
1336 1380
1337 1381
1338 1382
1338 1383
1339 1384
1340 1385
1342 1386
1343 1387
1344 1388
1345 1389
1346 1390
1347 1391
1348 1392
1348 1393
1349 1394
1350 1378
1351 1356
1352 1395
1353 1396
1354 1397
1355 1398
1357 1399
1357 1400
1358 1401
1359 1402
1359 1403
1360 1404
1361 1405
1361 1366
1362 1406
1363 1407
1365 1408
1367 1409
1369 1410
1370 1411
1371 1412
1372 1413
1372 1414
1373 1391
1374 1415
1375 1416
1376 1417
1376 1418
1377 1419
1379 1420
1380 1383
1381 1421
1381 1422
1382 1423
1384 1424
1385 1425
1386 1426
1387 1427
1388 1428
1389 1429
1390 1430
1391 1431
1392 1432
1392 1433
1393 1433
1394 1434
1395 1435
1396 1436
1398 1437
1399 1438
1401 1402
1401 1439
1402 1440
1403 1441
1403 1442
1404 1442
1405 1443
1405 1444
1406 1445
1407 1446
1408 1447
1409 1448
1410 1449
1410 1411
1411 1450
1412 1451
1414 1452
1415 1453
1415 1454
1416 1455
1417 1456
1418 1457
1420 1458
1421 1459
1422 1460
1423 1461
1424 1462
1425 1463
1426 1464
1427 1465
1428 1466
1429 1430
1431 1467
1432 1468
1432 1469
1432 1470
1433 1471
1433 1469
1434 1472
1434 1473
1435 1474
1436 1475
1437 1476
1438 1477
1438 1478
1439 1479
1440 1480
1441 1444
1443 1481
1443 1482
1444 1445
1447 1483
1448 1484
1449 1485
1449 1486
1449 1487
1450 1488
1450 1489
1451 1490
1453 1491
1454 1490
1455 1492
1456 1493
1456 1494
1458 1495
1459 1496
1460 1497
1460 1498
1461 1499
1462 1500
1463 1501
1464 1502
1465 1503
1466 1504
1467 1505
1468 1506
1469 1507
1470 1508
1471 1509
1471 1510
1472 1477
1473 1509
1474 1511
1475 1512
1476 1513
1477 1514
1478 1515
1478 1516
1479 1517
1479 1518
1480 1519
1481 1520
1482 1521
1482 1522
1483 1523
1484 1524
1486 1525
1487 1526
1488 1527
1489 1528
1490 1529
1491 1530
1492 1531
1495 1532
1496 1533
1497 1534
1498 1535
1499 1536
1500 1537
1501 1538
1502 1539
1503 1540
1504 1541
1505 1542
1506 1543
1506 1544
1507 1545
1508 1546
1510 1547
1510 1548
1511 1549
1512 1550
1512 1551
1513 1516
1514 1552
1515 1553
1517 1554
1518 1555
1519 1556
1519 1557
1520 1558
1520 1559
1521 1560
1521 1561
1523 1562
1523 1563
1525 1564
1526 1565
1528 1566
1529 1567
1529 1568
1530 1569
1531 1542
1531 1570
1532 1571
1533 1534
1533 1572
1534 1573
1534 1574
1535 1575
1536 1576
1537 1577
1538 1578
1539 1579
1540 1580
1541 1581
1543 1582
1544 1583
1545 1584
1546 1585
1546 1586
1547 1587
1547 1588
1548 1589
1548 1590
1549 1591
1550 1592
1551 1593
1552 1587
1552 1594
1553 1595
1553 1596
1553 1597
1554 1598
1554 1599
1555 1600
1556 1601
1560 1602
1561 1603
1561 1604
1562 1605
1562 1606
1562 1607
1563 1608
1564 1609
1565 1610
1566 1605
1567 1611
1568 1610
1569 1612
1570 1613
1571 1614
1572 1615
1573 1616
1573 1617
1573 1618
1574 1619
1575 1620
1576 1621
1577 1622
1578 1623
1579 1624
1579 1625
1580 1626
1581 1627
1582 1628
1583 1629
1584 1630
1584 1631
1585 1632
1585 1633
1586 1634
1586 1635
1587 1636
1587 1637
1588 1638
1588 1639
1589 1640
1590 1630
1591 1641
1592 1642
1593 1643
1595 1644
1596 1645
1597 1646
1598 1647
1599 1648
1600 1649
1600 1650
1601 1651
1602 1651
1602 1652
1604 1653
1605 1654
1605 1655
1606 1656
1606 1657
1607 1658
1609 1659
1611 1660
1612 1661
1613 1662
1614 1663
1615 1664
1616 1665
1617 1666
1617 1667
1618 1668
1619 1669
1620 1670
1620 1669
1621 1671
1622 1672
1623 1673
1623 1674
1624 1675
1625 1676
1626 1677
1627 1678
1627 1679
1628 1680
1629 1681
1629 1682
1630 1683
1630 1684
1631 1685
1632 1686
1632 1687
1632 1634
1633 1688
1635 1689
1636 1690
1636 1691
1637 1692
1637 1693
1638 1683
1638 1692
1638 1694
1639 1695
1641 1672
1642 1696
1642 1697
1642 1698
1643 1699
1643 1700
1644 1701
1645 1702
1646 1703
1646 1704
1647 1705
1648 1706
1648 1707
1650 1708
1650 1709
1651 1658
1652 1710
1653 1711
1654 1712
1654 1713
1655 1714
1655 1715
1656 1716
1656 1717
1657 1718
1658 1719
1659 1720
1660 1721
1660 1722
1661 1723
1662 1681
1663 1724
1664 1725
1665 1726
1665 1727
1666 1728
1667 1727
1668 1729
1670 1730
1670 1731
1671 1732
1673 1733
1674 1734
1675 1735
1676 1736
1676 1737
1677 1738
1678 1739
1679 1740
1680 1741
1680 1742
1681 1743
1686 1744
1687 1745
1688 1746
1689 1747
1689 1748
1690 1693
1691 1701
1691 1749
1692 1750
1692 1751
1693 1752
1694 1753
1696 1754
1697 1703
1697 1755
1698 1756
1699 1757
1700 1758
1701 1759
1702 1760
1703 1761
1705 1762
1705 1763
1706 1764
1706 1765
1707 1766
1708 1767
1708 1768
1711 1769
1712 1770
1713 1716
1713 1771
1714 1772
1715 1773
1716 1774
1717 1775
1718 1776
1719 1777
1720 1778
1721 1779
1722 1780
1724 1781
1725 1782
1726 1731
1728 1783
1729 1784
1730 1785
1732 1786
1733 1787
1734 1788
1735 1789
1735 1790
1736 1791
1737 1792
1738 1793
1739 1794
1740 1795
1741 1742
1741 1796
1742 1797
1743 1798
1744 1799
1745 1800
1746 1801
1746 1802
1747 1803
1747 1804
1748 1804
1749 1805
1750 1806
1751 1807
1752 1808
1753 1809
1754 1810
1754 1811
1756 1812
1757 1813
1758 1814
1759 1815
1760 1816
1760 1817
1761 1818
1762 1819
1763 1820
1764 1821
1764 1822
1765 1823
1765 1824
1766 1825
1766 1826
1767 1827
1769 1828
1770 1829
1770 1830
1771 1831
1772 1832
1772 1833
1773 1834
1774 1835
1774 1836
1775 1837
1776 1838
1778 1839
1779 1840
1780 1841
1781 1842
1782 1843
1783 1844
1784 1845
1785 1846
1786 1847
1787 1789
1788 1848
1790 1849
1791 1850
1791 1851
1792 1852
1793 1853
1794 1854
1795 1855
1796 1856
1796 1857
1797 1858
1798 1859
1799 1860
1800 1861
1801 1862
1802 1863
1805 1864
1806 1865
1806 1866
1806 1867
1807 1866
1808 1868
1808 1867
1809 1869
1809 1870
1810 1871
1811 1872
1812 1873
1813 1874
1815 1875
1816 1876
1817 1877
1818 1878
1819 1879
1820 1880
1821 1881
1822 1882
1824 1883
1824 1884
1825 1885
1827 1886
1827 1887
1829 1888
1830 1889
1831 1890
1832 1891
1833 1892
1833 1893
1834 1894
1835 1895
1836 1896
1836 1897
1837 1898
1837 1899
1838 1899
1838 1900
1839 1891
1839 1901
1839 1840
1841 1859
1841 1902
1842 1903
1843 1904
1844 1905
1845 1906
1846 1907
1847 1908
1848 1909
1848 1910
1849 1911
1850 1912
1850 1913
1850 1911
1851 1914
1852 1915
1853 1916
1854 1917
1855 1918
1856 1919
1857 1920
1857 1921
1858 1922
1859 1920
1860 1923
1860 1924
1861 1925
1861 1926
1862 1927
1863 1928
1864 1929
1865 1930
1866 1931
1868 1932
1869 1933
1869 1934
1870 1935
1871 1936
1873 1937
1874 1938
1876 1939
1877 1940
1877 1941
1878 1942
1878 1943
1879 1944
1880 1945
1881 1946
1882 1947
1882 1884
1884 1948
1885 1949
1888 1950
1889 1951
1889 1894
1892 1952
1893 1953
1895 1954
1895 1955
1896 1956
1897 1957
1898 1954
1900 1958
1901 1959
1902 1960
1903 1961
1904 1962
1905 1963
1906 1964
1907 1965
1908 1966
1909 1967
1910 1968
1912 1969
1913 1970
1914 1971
1915 1972
1916 1973
1917 1974
1918 1975
1918 1976
1919 1956
1919 1977
1920 1978
1921 1979
1922 1980
1923 1981
1924 1982
1924 1983
1925 1984
1925 1985
1925 1986
1926 1987
1927 1988
1928 1989
1929 1990
1930 1991
1931 1992
1931 1934
1932 1993
1933 1994
1936 1995
1937 1996
1937 1997
1938 1998
1939 1999
1950 1952
1951 1953
